View "Statistics" {
T2(1.e5,30,66560){"Elementary Entity"};
SP(0,2e-05,5e-07){1};
SP(0,-5e-06,5e-07){2};
SP(2.5e-05,-5e-06,5e-07){3};
SP(2.5e-05,2e-05,5e-07){4};
SL(0,2e-05,5e-07,0,1.6875e-05,5e-07){1,1};
SL(0,1.6875e-05,5e-07,0,1.375e-05,5e-07){1,1};
SL(0,1.375e-05,5e-07,0,1.0625e-05,5e-07){1,1};
SL(0,1.0625e-05,5e-07,0,7.5e-06,5e-07){1,1};
SL(0,7.5e-06,5e-07,0,4.375e-06,5e-07){1,1};
SL(0,4.375e-06,5e-07,0,1.25e-06,5e-07){1,1};
SL(0,1.25e-06,5e-07,0,-1.875e-06,5e-07){1,1};
SL(0,-1.875e-06,5e-07,0,-5e-06,5e-07){1,1};
SL(0,-5e-06,5e-07,3.125e-06,-5e-06,5e-07){2,2};
SL(3.125e-06,-5e-06,5e-07,6.25e-06,-5e-06,5e-07){2,2};
SL(6.25e-06,-5e-06,5e-07,9.375e-06,-5e-06,5e-07){2,2};
SL(9.375e-06,-5e-06,5e-07,1.25e-05,-5e-06,5e-07){2,2};
SL(1.25e-05,-5e-06,5e-07,1.5625e-05,-5e-06,5e-07){2,2};
SL(1.5625e-05,-5e-06,5e-07,1.875e-05,-5e-06,5e-07){2,2};
SL(1.875e-05,-5e-06,5e-07,2.1875e-05,-5e-06,5e-07){2,2};
SL(2.1875e-05,-5e-06,5e-07,2.5e-05,-5e-06,5e-07){2,2};
SL(2.5e-05,-5e-06,5e-07,2.5e-05,-1.875e-06,5e-07){3,3};
SL(2.5e-05,-1.875e-06,5e-07,2.5e-05,1.25e-06,5e-07){3,3};
SL(2.5e-05,1.25e-06,5e-07,2.5e-05,4.375e-06,5e-07){3,3};
SL(2.5e-05,4.375e-06,5e-07,2.5e-05,7.5e-06,5e-07){3,3};
SL(2.5e-05,7.5e-06,5e-07,2.5e-05,1.0625e-05,5e-07){3,3};
SL(2.5e-05,1.0625e-05,5e-07,2.5e-05,1.375e-05,5e-07){3,3};
SL(2.5e-05,1.375e-05,5e-07,2.5e-05,1.6875e-05,5e-07){3,3};
SL(2.5e-05,1.6875e-05,5e-07,2.5e-05,2e-05,5e-07){3,3};
SL(2.5e-05,2e-05,5e-07,2.1875e-05,2e-05,5e-07){4,4};
SL(2.1875e-05,2e-05,5e-07,1.875e-05,2e-05,5e-07){4,4};
SL(1.875e-05,2e-05,5e-07,1.5625e-05,2e-05,5e-07){4,4};
SL(1.5625e-05,2e-05,5e-07,1.25e-05,2e-05,5e-07){4,4};
SL(1.25e-05,2e-05,5e-07,9.375e-06,2e-05,5e-07){4,4};
SL(9.375e-06,2e-05,5e-07,6.25e-06,2e-05,5e-07){4,4};
SL(6.25e-06,2e-05,5e-07,3.125e-06,2e-05,5e-07){4,4};
SL(3.125e-06,2e-05,5e-07,0,2e-05,5e-07){4,4};
ST(1.3178e-05,7.83261e-06,5e-07,1.5997e-05,9.21131e-06,5e-07,1.56665e-05,5.45812e-06,5e-07){1,1,1};
ST(1.23488e-05,3.48605e-07,5e-07,1.07916e-05,3.72759e-06,5e-07,1.42086e-05,2.68424e-06,5e-07){1,1,1};
ST(5.24134e-06,7.25695e-06,5e-07,9.00298e-06,9.21131e-06,5e-07,7.92796e-06,5.42011e-06,5e-07){1,1,1};
ST(1.58438e-05,-7.57264e-07,5e-07,1.23488e-05,3.48605e-07,5e-07,1.42086e-05,2.68424e-06,5e-07){1,1,1};
ST(1.74595e-05,2.30957e-06,5e-07,1.58438e-05,-7.57264e-07,5e-07,1.42086e-05,2.68424e-06,5e-07){1,1,1};
ST(9.01914e-06,1.61582e-05,5e-07,1.24779e-05,1.48491e-05,5e-07,1.03855e-05,1.22174e-05,5e-07){1,1,1};
ST(7.57605e-06,1.26512e-05,5e-07,9.01914e-06,1.61582e-05,5e-07,1.03855e-05,1.22174e-05,5e-07){1,1,1};
ST(1.5997e-05,9.21131e-06,5e-07,1.3178e-05,7.83261e-06,5e-07,1.29559e-05,1.0997e-05,5e-07){1,1,1};
ST(1.75748e-05,1.27186e-05,5e-07,1.5997e-05,9.21131e-06,5e-07,1.4972e-05,1.26988e-05,5e-07){1,1,1};
ST(1.42086e-05,2.68424e-06,5e-07,1.07916e-05,3.72759e-06,5e-07,1.29541e-05,5.17e-06,5e-07){1,1,1};
ST(1.5625e-05,-5e-06,5e-07,1.58438e-05,-7.57264e-07,5e-07,1.84479e-05,-2.31857e-06,5e-07){1,1,1};
ST(2.5e-05,1.0625e-05,5e-07,2.11582e-05,1.09809e-05,5e-07,2.2541e-05,1.32602e-05,5e-07){1,1,1};
ST(3.80174e-06,1.0845e-05,5e-07,0,1.0625e-05,5e-07,2.5309e-06,1.3308e-05,5e-07){1,1,1};
ST(9.01914e-06,-1.15822e-06,5e-07,9.375e-06,-5e-06,5e-07,6.63222e-06,-2.51568e-06,5e-07){1,1,1};
ST(2.11944e-05,4.14827e-06,5e-07,2.5e-05,4.375e-06,5e-07,2.24686e-05,1.69116e-06,5e-07){1,1,1};
ST(0,4.375e-06,5e-07,3.72387e-06,4.08412e-06,5e-07,2.43937e-06,1.7506e-06,5e-07){1,1,1};
ST(1.58542e-05,1.57178e-05,5e-07,1.5625e-05,2e-05,5e-07,1.84341e-05,1.73345e-05,5e-07){1,1,1};
ST(9.375e-06,2e-05,5e-07,9.01914e-06,1.61582e-05,5e-07,6.63222e-06,1.75157e-05,5e-07){1,1,1};
ST(1.5997e-05,9.21131e-06,5e-07,1.29559e-05,1.0997e-05,5e-07,1.4972e-05,1.26988e-05,5e-07){1,1,1};
ST(1.24779e-05,1.48491e-05,5e-07,9.01914e-06,1.61582e-05,5e-07,1.11194e-05,1.78312e-05,5e-07){1,1,1};
ST(1.98711e-05,7.54529e-06,5e-07,2.11582e-05,1.09809e-05,5e-07,2.28275e-05,8.88748e-06,5e-07){1,1,1};
ST(9.01914e-06,-1.15822e-06,5e-07,1.23488e-05,3.48605e-07,5e-07,1.10318e-05,-2.83251e-06,5e-07){1,1,1};
ST(5.24134e-06,7.25695e-06,5e-07,3.72387e-06,4.08412e-06,5e-07,2.18452e-06,6.094e-06,5e-07){1,1,1};
ST(9.00298e-06,9.21131e-06,5e-07,7.57605e-06,1.26512e-05,5e-07,1.03855e-05,1.22174e-05,5e-07){1,1,1};
ST(0,1.0625e-05,5e-07,3.80174e-06,1.0845e-05,5e-07,2.4829e-06,8.37083e-06,5e-07){1,1,1};
ST(1.58438e-05,-7.57264e-07,5e-07,1.5625e-05,-5e-06,5e-07,1.34033e-05,-2.54681e-06,5e-07){1,1,1};
ST(1.5625e-05,2e-05,5e-07,1.58542e-05,1.57178e-05,5e-07,1.34637e-05,1.76984e-05,5e-07){1,1,1};
ST(2.5e-05,4.375e-06,5e-07,2.11944e-05,4.14827e-06,5e-07,2.26406e-05,6.58044e-06,5e-07){1,1,1};
ST(1.07916e-05,3.72759e-06,5e-07,7.49342e-06,2.57704e-06,5e-07,7.92796e-06,5.42011e-06,5e-07){1,1,1};
ST(7.92796e-06,5.42011e-06,5e-07,9.00298e-06,9.21131e-06,5e-07,1.08559e-05,6.7998e-06,5e-07){1,1,1};
ST(1.875e-05,-5e-06,5e-07,1.5625e-05,-5e-06,5e-07,1.84479e-05,-2.31857e-06,5e-07){1,1,1};
ST(2.5e-05,1.375e-05,5e-07,2.5e-05,1.0625e-05,5e-07,2.2541e-05,1.32602e-05,5e-07){1,1,1};
ST(0,1.0625e-05,5e-07,0,1.375e-05,5e-07,2.5309e-06,1.3308e-05,5e-07){1,1,1};
ST(9.375e-06,-5e-06,5e-07,6.25e-06,-5e-06,5e-07,6.63222e-06,-2.51568e-06,5e-07){1,1,1};
ST(0,1.25e-06,5e-07,0,4.375e-06,5e-07,2.43937e-06,1.7506e-06,5e-07){1,1,1};
ST(2.5e-05,4.375e-06,5e-07,2.5e-05,1.25e-06,5e-07,2.24686e-05,1.69116e-06,5e-07){1,1,1};
ST(6.25e-06,2e-05,5e-07,9.375e-06,2e-05,5e-07,6.63222e-06,1.75157e-05,5e-07){1,1,1};
ST(1.5625e-05,2e-05,5e-07,1.875e-05,2e-05,5e-07,1.84341e-05,1.73345e-05,5e-07){1,1,1};
ST(1.56665e-05,5.45812e-06,5e-07,1.5997e-05,9.21131e-06,5e-07,1.77235e-05,7.43382e-06,5e-07){1,1,1};
ST(1.24779e-05,1.48491e-05,5e-07,1.58542e-05,1.57178e-05,5e-07,1.4972e-05,1.26988e-05,5e-07){1,1,1};
ST(1.58542e-05,1.57178e-05,5e-07,1.75748e-05,1.27186e-05,5e-07,1.4972e-05,1.26988e-05,5e-07){1,1,1};
ST(9.375e-06,-5e-06,5e-07,9.01914e-06,-1.15822e-06,5e-07,1.10318e-05,-2.83251e-06,5e-07){1,1,1};
ST(3.72387e-06,4.08412e-06,5e-07,0,4.375e-06,5e-07,2.18452e-06,6.094e-06,5e-07){1,1,1};
ST(9.01914e-06,1.61582e-05,5e-07,9.375e-06,2e-05,5e-07,1.11194e-05,1.78312e-05,5e-07){1,1,1};
ST(2.11582e-05,1.09809e-05,5e-07,2.5e-05,1.0625e-05,5e-07,2.28275e-05,8.88748e-06,5e-07){1,1,1};
ST(1.07916e-05,3.72759e-06,5e-07,1.23488e-05,3.48605e-07,5e-07,9.74153e-06,1.33706e-06,5e-07){1,1,1};
ST(1.5997e-05,9.21131e-06,5e-07,1.75748e-05,1.27186e-05,5e-07,1.85695e-05,1.01197e-05,5e-07){1,1,1};
ST(9.00298e-06,9.21131e-06,5e-07,5.24134e-06,7.25695e-06,5e-07,6.33842e-06,1.02076e-05,5e-07){1,1,1};
ST(7.49342e-06,2.57704e-06,5e-07,1.07916e-05,3.72759e-06,5e-07,9.74153e-06,1.33706e-06,5e-07){1,1,1};
ST(7.57605e-06,1.26512e-05,5e-07,9.00298e-06,9.21131e-06,5e-07,6.33842e-06,1.02076e-05,5e-07){1,1,1};
ST(3.72387e-06,4.08412e-06,5e-07,5.24134e-06,7.25695e-06,5e-07,6.0739e-06,4.16828e-06,5e-07){1,1,1};
ST(1.23488e-05,3.48605e-07,5e-07,1.58438e-05,-7.57264e-07,5e-07,1.34033e-05,-2.54681e-06,5e-07){1,1,1};
ST(2.11944e-05,4.14827e-06,5e-07,1.98711e-05,7.54529e-06,5e-07,2.26406e-05,6.58044e-06,5e-07){1,1,1};
ST(3.80174e-06,1.0845e-05,5e-07,5.24134e-06,7.25695e-06,5e-07,2.4829e-06,8.37083e-06,5e-07){1,1,1};
ST(1.58542e-05,1.57178e-05,5e-07,1.24779e-05,1.48491e-05,5e-07,1.34637e-05,1.76984e-05,5e-07){1,1,1};
ST(1.98711e-05,7.54529e-06,5e-07,2.11944e-05,4.14827e-06,5e-07,1.85133e-05,4.8347e-06,5e-07){1,1,1};
ST(1.56665e-05,5.45812e-06,5e-07,1.74595e-05,2.30957e-06,5e-07,1.42086e-05,2.68424e-06,5e-07){1,1,1};
ST(1.58438e-05,-7.57264e-07,5e-07,1.74595e-05,2.30957e-06,5e-07,1.85872e-05,9.29295e-08,5e-07){1,1,1};
ST(9.01914e-06,1.61582e-05,5e-07,7.57605e-06,1.26512e-05,5e-07,6.48419e-06,1.50131e-05,5e-07){1,1,1};
ST(1.75748e-05,1.27186e-05,5e-07,1.58542e-05,1.57178e-05,5e-07,1.85872e-05,1.49071e-05,5e-07){1,1,1};
ST(2.11582e-05,1.09809e-05,5e-07,1.98711e-05,7.54529e-06,5e-07,1.85695e-05,1.01197e-05,5e-07){1,1,1};
ST(5.24134e-06,7.25695e-06,5e-07,3.80174e-06,1.0845e-05,5e-07,6.33842e-06,1.02076e-05,5e-07){1,1,1};
ST(1.23488e-05,3.48605e-07,5e-07,9.01914e-06,-1.15822e-06,5e-07,9.74153e-06,1.33706e-06,5e-07){1,1,1};
ST(1.34637e-05,1.76984e-05,5e-07,1.24779e-05,1.48491e-05,5e-07,1.11194e-05,1.78312e-05,5e-07){1,1,1};
ST(2.4829e-06,8.37083e-06,5e-07,5.24134e-06,7.25695e-06,5e-07,2.18452e-06,6.094e-06,5e-07){1,1,1};
ST(1.23488e-05,3.48605e-07,5e-07,1.34033e-05,-2.54681e-06,5e-07,1.10318e-05,-2.83251e-06,5e-07){1,1,1};
ST(2.26406e-05,6.58044e-06,5e-07,1.98711e-05,7.54529e-06,5e-07,2.28275e-05,8.88748e-06,5e-07){1,1,1};
ST(1.3178e-05,7.83261e-06,5e-07,1.56665e-05,5.45812e-06,5e-07,1.29541e-05,5.17e-06,5e-07){1,1,1};
ST(9.74153e-06,1.33706e-06,5e-07,9.01914e-06,-1.15822e-06,5e-07,7.01331e-06,2.49993e-07,5e-07){1,1,1};
ST(1.74595e-05,2.30957e-06,5e-07,1.56665e-05,5.45812e-06,5e-07,1.85133e-05,4.8347e-06,5e-07){1,1,1};
ST(7.49342e-06,2.57704e-06,5e-07,9.74153e-06,1.33706e-06,5e-07,7.01331e-06,2.49993e-07,5e-07){1,1,1};
ST(1.5625e-05,-5e-06,5e-07,1.25e-05,-5e-06,5e-07,1.34033e-05,-2.54681e-06,5e-07){1,1,1};
ST(0,7.5e-06,5e-07,0,1.0625e-05,5e-07,2.4829e-06,8.37083e-06,5e-07){1,1,1};
ST(1.25e-05,2e-05,5e-07,1.5625e-05,2e-05,5e-07,1.34637e-05,1.76984e-05,5e-07){1,1,1};
ST(2.5e-05,7.5e-06,5e-07,2.5e-05,4.375e-06,5e-07,2.26406e-05,6.58044e-06,5e-07){1,1,1};
ST(1.24779e-05,1.48491e-05,5e-07,1.29559e-05,1.0997e-05,5e-07,1.03855e-05,1.22174e-05,5e-07){1,1,1};
ST(1.29541e-05,5.17e-06,5e-07,1.07916e-05,3.72759e-06,5e-07,1.08559e-05,6.7998e-06,5e-07){1,1,1};
ST(1.3178e-05,7.83261e-06,5e-07,1.29541e-05,5.17e-06,5e-07,1.08559e-05,6.7998e-06,5e-07){1,1,1};
ST(1.29559e-05,1.0997e-05,5e-07,1.24779e-05,1.48491e-05,5e-07,1.4972e-05,1.26988e-05,5e-07){1,1,1};
ST(1.29559e-05,1.0997e-05,5e-07,1.3178e-05,7.83261e-06,5e-07,1.12808e-05,9.43719e-06,5e-07){1,1,1};
ST(2.5e-05,-5e-06,5e-07,2.1875e-05,-5e-06,5e-07,2.25721e-05,-2.57212e-06,5e-07){1,1,1};
ST(2.5e-05,-1.875e-06,5e-07,2.5e-05,-5e-06,5e-07,2.25721e-05,-2.57212e-06,5e-07){1,1,1};
ST(0,2e-05,5e-07,3.125e-06,2e-05,5e-07,2.42788e-06,1.75721e-05,5e-07){1,1,1};
ST(2.5e-05,2e-05,5e-07,2.5e-05,1.6875e-05,5e-07,2.25721e-05,1.75721e-05,5e-07){1,1,1};
ST(0,1.6875e-05,5e-07,0,2e-05,5e-07,2.42788e-06,1.75721e-05,5e-07){1,1,1};
ST(3.125e-06,-5e-06,5e-07,0,-5e-06,5e-07,2.42788e-06,-2.57212e-06,5e-07){1,1,1};
ST(0,-5e-06,5e-07,0,-1.875e-06,5e-07,2.42788e-06,-2.57212e-06,5e-07){1,1,1};
ST(2.1875e-05,2e-05,5e-07,2.5e-05,2e-05,5e-07,2.25721e-05,1.75721e-05,5e-07){1,1,1};
ST(9.00298e-06,9.21131e-06,5e-07,1.03855e-05,1.22174e-05,5e-07,1.12808e-05,9.43719e-06,5e-07){1,1,1};
ST(5.24134e-06,7.25695e-06,5e-07,7.92796e-06,5.42011e-06,5e-07,6.0739e-06,4.16828e-06,5e-07){1,1,1};
ST(1.85133e-05,4.8347e-06,5e-07,2.11944e-05,4.14827e-06,5e-07,1.99208e-05,2.03158e-06,5e-07){1,1,1};
ST(1.74595e-05,2.30957e-06,5e-07,1.85133e-05,4.8347e-06,5e-07,1.99208e-05,2.03158e-06,5e-07){1,1,1};
ST(1.07916e-05,3.72759e-06,5e-07,7.92796e-06,5.42011e-06,5e-07,1.08559e-05,6.7998e-06,5e-07){1,1,1};
ST(1.03855e-05,1.22174e-05,5e-07,1.29559e-05,1.0997e-05,5e-07,1.12808e-05,9.43719e-06,5e-07){1,1,1};
ST(7.57605e-06,1.26512e-05,5e-07,6.33842e-06,1.02076e-05,5e-07,5.07535e-06,1.29771e-05,5e-07){1,1,1};
ST(6.33842e-06,1.02076e-05,5e-07,3.80174e-06,1.0845e-05,5e-07,5.07535e-06,1.29771e-05,5e-07){1,1,1};
ST(1.85695e-05,1.01197e-05,5e-07,1.98711e-05,7.54529e-06,5e-07,1.77235e-05,7.43382e-06,5e-07){1,1,1};
ST(1.56665e-05,5.45812e-06,5e-07,1.42086e-05,2.68424e-06,5e-07,1.29541e-05,5.17e-06,5e-07){1,1,1};
ST(1.5997e-05,9.21131e-06,5e-07,1.85695e-05,1.01197e-05,5e-07,1.77235e-05,7.43382e-06,5e-07){1,1,1};
ST(2.11582e-05,1.09809e-05,5e-07,1.85695e-05,1.01197e-05,5e-07,1.99105e-05,1.29662e-05,5e-07){1,1,1};
ST(1.85695e-05,1.01197e-05,5e-07,1.75748e-05,1.27186e-05,5e-07,1.99105e-05,1.29662e-05,5e-07){1,1,1};
ST(2.5e-05,1.0625e-05,5e-07,2.5e-05,7.5e-06,5e-07,2.28275e-05,8.88748e-06,5e-07){1,1,1};
ST(1.25e-05,-5e-06,5e-07,9.375e-06,-5e-06,5e-07,1.10318e-05,-2.83251e-06,5e-07){1,1,1};
ST(0,4.375e-06,5e-07,0,7.5e-06,5e-07,2.18452e-06,6.094e-06,5e-07){1,1,1};
ST(9.375e-06,2e-05,5e-07,1.25e-05,2e-05,5e-07,1.11194e-05,1.78312e-05,5e-07){1,1,1};
ST(7.92796e-06,5.42011e-06,5e-07,7.49342e-06,2.57704e-06,5e-07,6.0739e-06,4.16828e-06,5e-07){1,1,1};
ST(2.5e-05,1.6875e-05,5e-07,2.5e-05,1.375e-05,5e-07,2.31823e-05,1.5441e-05,5e-07){1,1,1};
ST(3.125e-06,2e-05,5e-07,6.25e-06,2e-05,5e-07,4.52736e-06,1.81671e-05,5e-07){1,1,1};
ST(0,1.375e-05,5e-07,0,1.6875e-05,5e-07,1.8321e-06,1.54506e-05,5e-07){1,1,1};
ST(6.25e-06,-5e-06,5e-07,3.125e-06,-5e-06,5e-07,4.52736e-06,-3.16708e-06,5e-07){1,1,1};
ST(0,-1.875e-06,5e-07,0,1.25e-06,5e-07,1.81379e-06,-4.38822e-07,5e-07){1,1,1};
ST(2.5e-05,1.25e-06,5e-07,2.5e-05,-1.875e-06,5e-07,2.31678e-05,-4.50711e-07,5e-07){1,1,1};
ST(1.875e-05,2e-05,5e-07,2.1875e-05,2e-05,5e-07,2.04859e-05,1.81308e-05,5e-07){1,1,1};
ST(2.1875e-05,-5e-06,5e-07,1.875e-05,-5e-06,5e-07,2.04887e-05,-3.12766e-06,5e-07){1,1,1};
ST(2.5e-05,7.5e-06,5e-07,2.26406e-05,6.58044e-06,5e-07,2.28275e-05,8.88748e-06,5e-07){1,1,1};
ST(1.34033e-05,-2.54681e-06,5e-07,1.25e-05,-5e-06,5e-07,1.10318e-05,-2.83251e-06,5e-07){1,1,1};
ST(0,7.5e-06,5e-07,2.4829e-06,8.37083e-06,5e-07,2.18452e-06,6.094e-06,5e-07){1,1,1};
ST(1.25e-05,2e-05,5e-07,1.34637e-05,1.76984e-05,5e-07,1.11194e-05,1.78312e-05,5e-07){1,1,1};
ST(1.84479e-05,-2.31857e-06,5e-07,1.58438e-05,-7.57264e-07,5e-07,1.85872e-05,9.29295e-08,5e-07){1,1,1};
ST(9.01914e-06,-1.15822e-06,5e-07,6.63222e-06,-2.51568e-06,5e-07,7.01331e-06,2.49993e-07,5e-07){1,1,1};
ST(6.63222e-06,1.75157e-05,5e-07,9.01914e-06,1.61582e-05,5e-07,6.48419e-06,1.50131e-05,5e-07){1,1,1};
ST(1.58542e-05,1.57178e-05,5e-07,1.84341e-05,1.73345e-05,5e-07,1.85872e-05,1.49071e-05,5e-07){1,1,1};
ST(2.24686e-05,1.69116e-06,5e-07,2.07983e-05,-7.47595e-07,5e-07,1.99208e-05,2.03158e-06,5e-07){1,1,1};
ST(2.5309e-06,1.3308e-05,5e-07,4.2017e-06,1.57476e-05,5e-07,5.07535e-06,1.29771e-05,5e-07){1,1,1};
ST(4.2017e-06,-7.47595e-07,5e-07,2.43937e-06,1.7506e-06,5e-07,5.11024e-06,2.01192e-06,5e-07){1,1,1};
ST(2.07983e-05,1.57476e-05,5e-07,2.2541e-05,1.32602e-05,5e-07,1.99105e-05,1.29662e-05,5e-07){1,1,1};
ST(1.3178e-05,7.83261e-06,5e-07,1.08559e-05,6.7998e-06,5e-07,1.12808e-05,9.43719e-06,5e-07){1,1,1};
ST(1.08559e-05,6.7998e-06,5e-07,9.00298e-06,9.21131e-06,5e-07,1.12808e-05,9.43719e-06,5e-07){1,1,1};
ST(7.01331e-06,2.49993e-07,5e-07,4.2017e-06,-7.47595e-07,5e-07,5.11024e-06,2.01192e-06,5e-07){1,1,1};
ST(1.85872e-05,1.49071e-05,5e-07,2.07983e-05,1.57476e-05,5e-07,1.99105e-05,1.29662e-05,5e-07){1,1,1};
ST(4.2017e-06,1.57476e-05,5e-07,6.48419e-06,1.50131e-05,5e-07,5.07535e-06,1.29771e-05,5e-07){1,1,1};
ST(2.07983e-05,-7.47595e-07,5e-07,1.85872e-05,9.29295e-08,5e-07,1.99208e-05,2.03158e-06,5e-07){1,1,1};
ST(1.85133e-05,4.8347e-06,5e-07,1.56665e-05,5.45812e-06,5e-07,1.77235e-05,7.43382e-06,5e-07){1,1,1};
ST(1.98711e-05,7.54529e-06,5e-07,1.85133e-05,4.8347e-06,5e-07,1.77235e-05,7.43382e-06,5e-07){1,1,1};
ST(2.07983e-05,1.57476e-05,5e-07,1.84341e-05,1.73345e-05,5e-07,2.04859e-05,1.81308e-05,5e-07){1,1,1};
ST(4.2017e-06,1.57476e-05,5e-07,2.5309e-06,1.3308e-05,5e-07,1.8321e-06,1.54506e-05,5e-07){1,1,1};
ST(6.63222e-06,1.75157e-05,5e-07,4.2017e-06,1.57476e-05,5e-07,4.52736e-06,1.81671e-05,5e-07){1,1,1};
ST(4.2017e-06,-7.47595e-07,5e-07,6.63222e-06,-2.51568e-06,5e-07,4.52736e-06,-3.16708e-06,5e-07){1,1,1};
ST(2.43937e-06,1.7506e-06,5e-07,4.2017e-06,-7.47595e-07,5e-07,1.81379e-06,-4.38822e-07,5e-07){1,1,1};
ST(2.07983e-05,-7.47595e-07,5e-07,2.24686e-05,1.69116e-06,5e-07,2.31678e-05,-4.50711e-07,5e-07){1,1,1};
ST(1.84479e-05,-2.31857e-06,5e-07,2.07983e-05,-7.47595e-07,5e-07,2.04887e-05,-3.12766e-06,5e-07){1,1,1};
ST(2.2541e-05,1.32602e-05,5e-07,2.07983e-05,1.57476e-05,5e-07,2.31823e-05,1.5441e-05,5e-07){1,1,1};
ST(1.84341e-05,1.73345e-05,5e-07,2.07983e-05,1.57476e-05,5e-07,1.85872e-05,1.49071e-05,5e-07){1,1,1};
ST(4.2017e-06,1.57476e-05,5e-07,6.63222e-06,1.75157e-05,5e-07,6.48419e-06,1.50131e-05,5e-07){1,1,1};
ST(6.63222e-06,-2.51568e-06,5e-07,4.2017e-06,-7.47595e-07,5e-07,7.01331e-06,2.49993e-07,5e-07){1,1,1};
ST(2.07983e-05,-7.47595e-07,5e-07,1.84479e-05,-2.31857e-06,5e-07,1.85872e-05,9.29295e-08,5e-07){1,1,1};
ST(2.5e-05,1.375e-05,5e-07,2.2541e-05,1.32602e-05,5e-07,2.31823e-05,1.5441e-05,5e-07){1,1,1};
ST(1.875e-05,-5e-06,5e-07,1.84479e-05,-2.31857e-06,5e-07,2.04887e-05,-3.12766e-06,5e-07){1,1,1};
ST(0,1.25e-06,5e-07,2.43937e-06,1.7506e-06,5e-07,1.81379e-06,-4.38822e-07,5e-07){1,1,1};
ST(6.63222e-06,-2.51568e-06,5e-07,6.25e-06,-5e-06,5e-07,4.52736e-06,-3.16708e-06,5e-07){1,1,1};
ST(6.25e-06,2e-05,5e-07,6.63222e-06,1.75157e-05,5e-07,4.52736e-06,1.81671e-05,5e-07){1,1,1};
ST(2.5309e-06,1.3308e-05,5e-07,0,1.375e-05,5e-07,1.8321e-06,1.54506e-05,5e-07){1,1,1};
ST(1.84341e-05,1.73345e-05,5e-07,1.875e-05,2e-05,5e-07,2.04859e-05,1.81308e-05,5e-07){1,1,1};
ST(2.24686e-05,1.69116e-06,5e-07,2.5e-05,1.25e-06,5e-07,2.31678e-05,-4.50711e-07,5e-07){1,1,1};
ST(3.80174e-06,1.0845e-05,5e-07,2.5309e-06,1.3308e-05,5e-07,5.07535e-06,1.29771e-05,5e-07){1,1,1};
ST(2.43937e-06,1.7506e-06,5e-07,3.72387e-06,4.08412e-06,5e-07,5.11024e-06,2.01192e-06,5e-07){1,1,1};
ST(2.2541e-05,1.32602e-05,5e-07,2.11582e-05,1.09809e-05,5e-07,1.99105e-05,1.29662e-05,5e-07){1,1,1};
ST(2.11944e-05,4.14827e-06,5e-07,2.24686e-05,1.69116e-06,5e-07,1.99208e-05,2.03158e-06,5e-07){1,1,1};
ST(2.25721e-05,1.75721e-05,5e-07,2.07983e-05,1.57476e-05,5e-07,2.04859e-05,1.81308e-05,5e-07){1,1,1};
ST(2.42788e-06,1.75721e-05,5e-07,4.2017e-06,1.57476e-05,5e-07,1.8321e-06,1.54506e-05,5e-07){1,1,1};
ST(2.42788e-06,-2.57212e-06,5e-07,4.2017e-06,-7.47595e-07,5e-07,4.52736e-06,-3.16708e-06,5e-07){1,1,1};
ST(4.2017e-06,-7.47595e-07,5e-07,2.42788e-06,-2.57212e-06,5e-07,1.81379e-06,-4.38822e-07,5e-07){1,1,1};
ST(2.25721e-05,-2.57212e-06,5e-07,2.07983e-05,-7.47595e-07,5e-07,2.31678e-05,-4.50711e-07,5e-07){1,1,1};
ST(4.2017e-06,1.57476e-05,5e-07,2.42788e-06,1.75721e-05,5e-07,4.52736e-06,1.81671e-05,5e-07){1,1,1};
ST(2.07983e-05,1.57476e-05,5e-07,2.25721e-05,1.75721e-05,5e-07,2.31823e-05,1.5441e-05,5e-07){1,1,1};
ST(2.07983e-05,-7.47595e-07,5e-07,2.25721e-05,-2.57212e-06,5e-07,2.04887e-05,-3.12766e-06,5e-07){1,1,1};
ST(1.75748e-05,1.27186e-05,5e-07,1.85872e-05,1.49071e-05,5e-07,1.99105e-05,1.29662e-05,5e-07){1,1,1};
ST(7.49342e-06,2.57704e-06,5e-07,7.01331e-06,2.49993e-07,5e-07,5.11024e-06,2.01192e-06,5e-07){1,1,1};
ST(1.85872e-05,9.29295e-08,5e-07,1.74595e-05,2.30957e-06,5e-07,1.99208e-05,2.03158e-06,5e-07){1,1,1};
ST(6.48419e-06,1.50131e-05,5e-07,7.57605e-06,1.26512e-05,5e-07,5.07535e-06,1.29771e-05,5e-07){1,1,1};
ST(2.25721e-05,1.75721e-05,5e-07,2.5e-05,1.6875e-05,5e-07,2.31823e-05,1.5441e-05,5e-07){1,1,1};
ST(2.25721e-05,-2.57212e-06,5e-07,2.1875e-05,-5e-06,5e-07,2.04887e-05,-3.12766e-06,5e-07){1,1,1};
ST(2.5e-05,-1.875e-06,5e-07,2.25721e-05,-2.57212e-06,5e-07,2.31678e-05,-4.50711e-07,5e-07){1,1,1};
ST(3.125e-06,-5e-06,5e-07,2.42788e-06,-2.57212e-06,5e-07,4.52736e-06,-3.16708e-06,5e-07){1,1,1};
ST(2.42788e-06,1.75721e-05,5e-07,3.125e-06,2e-05,5e-07,4.52736e-06,1.81671e-05,5e-07){1,1,1};
ST(2.42788e-06,-2.57212e-06,5e-07,0,-1.875e-06,5e-07,1.81379e-06,-4.38822e-07,5e-07){1,1,1};
ST(2.1875e-05,2e-05,5e-07,2.25721e-05,1.75721e-05,5e-07,2.04859e-05,1.81308e-05,5e-07){1,1,1};
ST(0,1.6875e-05,5e-07,2.42788e-06,1.75721e-05,5e-07,1.8321e-06,1.54506e-05,5e-07){1,1,1};
ST(7.49342e-06,2.57704e-06,5e-07,5.11024e-06,2.01192e-06,5e-07,6.0739e-06,4.16828e-06,5e-07){1,1,1};
ST(5.11024e-06,2.01192e-06,5e-07,3.72387e-06,4.08412e-06,5e-07,6.0739e-06,4.16828e-06,5e-07){1,1,1};
};
