View "Statistics" {
T2(1.e5,30,66560){"Elementary Entity"};
SP(0,2e-05,0){1};
SP(0,-5e-06,0){2};
SP(0,-5e-06,5e-07){3};
SP(0,2e-05,5e-07){4};
SL(0,2e-05,0,0,1.75e-05,0){1,1};
SL(0,1.75e-05,0,0,1.5e-05,0){1,1};
SL(0,1.5e-05,0,0,1.25e-05,0){1,1};
SL(0,1.25e-05,0,0,1e-05,0){1,1};
SL(0,1e-05,0,0,7.5e-06,0){1,1};
SL(0,7.5e-06,0,0,5e-06,0){1,1};
SL(0,5e-06,0,0,2.5e-06,0){1,1};
SL(0,2.5e-06,0,0,-3.72694e-20,0){1,1};
SL(0,-3.72694e-20,0,0,-2.5e-06,0){1,1};
SL(0,-2.5e-06,0,0,-5e-06,0){1,1};
SL(0,-5e-06,0,0,-5e-06,5e-07){2,2};
SL(0,-5e-06,5e-07,0,-2.5e-06,5e-07){3,3};
SL(0,-2.5e-06,5e-07,0,-1.01644e-20,5e-07){3,3};
SL(0,-1.01644e-20,5e-07,0,2.5e-06,5e-07){3,3};
SL(0,2.5e-06,5e-07,0,5e-06,5e-07){3,3};
SL(0,5e-06,5e-07,0,7.5e-06,5e-07){3,3};
SL(0,7.5e-06,5e-07,0,1e-05,5e-07){3,3};
SL(0,1e-05,5e-07,0,1.25e-05,5e-07){3,3};
SL(0,1.25e-05,5e-07,0,1.5e-05,5e-07){3,3};
SL(0,1.5e-05,5e-07,0,1.75e-05,5e-07){3,3};
SL(0,1.75e-05,5e-07,0,2e-05,5e-07){3,3};
SL(0,2e-05,5e-07,0,2e-05,0){4,4};
ST(0,1.75e-05,0,0,2e-05,5e-07,0,2e-05,0){1,1,1};
ST(0,-5e-06,0,0,-5e-06,5e-07,0,-2.5e-06,0){1,1,1};
ST(0,-5e-06,5e-07,0,-2.5e-06,5e-07,0,-2.5e-06,0){1,1,1};
ST(0,1.75e-05,0,0,1.75e-05,5e-07,0,2e-05,5e-07){1,1,1};
ST(0,1.5e-05,0,0,1.5e-05,5e-07,0,1.75e-05,0){1,1,1};
ST(0,1.5e-05,5e-07,0,1.75e-05,5e-07,0,1.75e-05,0){1,1,1};
ST(0,1.25e-05,0,0,1.5e-05,5e-07,0,1.5e-05,0){1,1,1};
ST(0,1e-05,0,0,1.25e-05,5e-07,0,1.25e-05,0){1,1,1};
ST(0,1.25e-05,5e-07,0,1.5e-05,5e-07,0,1.25e-05,0){1,1,1};
ST(0,7.5e-06,0,0,1e-05,5e-07,0,1e-05,0){1,1,1};
ST(0,1e-05,5e-07,0,1.25e-05,5e-07,0,1e-05,0){1,1,1};
ST(0,5e-06,0,0,5e-06,5e-07,0,7.5e-06,0){1,1,1};
ST(0,5e-06,5e-07,0,7.5e-06,5e-07,0,7.5e-06,0){1,1,1};
ST(0,7.5e-06,0,0,7.5e-06,5e-07,0,1e-05,5e-07){1,1,1};
ST(0,2.5e-06,0,0,2.5e-06,5e-07,0,5e-06,0){1,1,1};
ST(0,2.5e-06,5e-07,0,5e-06,5e-07,0,5e-06,0){1,1,1};
ST(0,-3.72694e-20,0,0,-1.01644e-20,5e-07,0,2.5e-06,0){1,1,1};
ST(0,-1.01644e-20,5e-07,0,2.5e-06,5e-07,0,2.5e-06,0){1,1,1};
ST(0,-2.5e-06,5e-07,0,-3.72694e-20,0,0,-2.5e-06,0){1,1,1};
ST(0,-2.5e-06,5e-07,0,-1.01644e-20,5e-07,0,-3.72694e-20,0){1,1,1};
};
