View "Statistics" {
T2(1.e5,30,66560){"Elementary Entity"};
SP(2.5e-05,-5e-06,0){1};
SP(2.5e-05,2e-05,0){2};
SP(2.5e-05,2e-05,5e-07){3};
SP(2.5e-05,-5e-06,5e-07){4};
SL(2.5e-05,-5e-06,0,2.5e-05,-2.5e-06,0){1,1};
SL(2.5e-05,-2.5e-06,0,2.5e-05,-1.01644e-20,0){1,1};
SL(2.5e-05,-1.01644e-20,0,2.5e-05,2.5e-06,0){1,1};
SL(2.5e-05,2.5e-06,0,2.5e-05,5e-06,0){1,1};
SL(2.5e-05,5e-06,0,2.5e-05,7.5e-06,0){1,1};
SL(2.5e-05,7.5e-06,0,2.5e-05,1e-05,0){1,1};
SL(2.5e-05,1e-05,0,2.5e-05,1.25e-05,0){1,1};
SL(2.5e-05,1.25e-05,0,2.5e-05,1.5e-05,0){1,1};
SL(2.5e-05,1.5e-05,0,2.5e-05,1.75e-05,0){1,1};
SL(2.5e-05,1.75e-05,0,2.5e-05,2e-05,0){1,1};
SL(2.5e-05,2e-05,0,2.5e-05,2e-05,5e-07){2,2};
SL(2.5e-05,2e-05,5e-07,2.5e-05,1.75e-05,5e-07){3,3};
SL(2.5e-05,1.75e-05,5e-07,2.5e-05,1.5e-05,5e-07){3,3};
SL(2.5e-05,1.5e-05,5e-07,2.5e-05,1.25e-05,5e-07){3,3};
SL(2.5e-05,1.25e-05,5e-07,2.5e-05,1e-05,5e-07){3,3};
SL(2.5e-05,1e-05,5e-07,2.5e-05,7.5e-06,5e-07){3,3};
SL(2.5e-05,7.5e-06,5e-07,2.5e-05,5e-06,5e-07){3,3};
SL(2.5e-05,5e-06,5e-07,2.5e-05,2.5e-06,5e-07){3,3};
SL(2.5e-05,2.5e-06,5e-07,2.5e-05,-3.72694e-20,5e-07){3,3};
SL(2.5e-05,-3.72694e-20,5e-07,2.5e-05,-2.5e-06,5e-07){3,3};
SL(2.5e-05,-2.5e-06,5e-07,2.5e-05,-5e-06,5e-07){3,3};
SL(2.5e-05,-5e-06,5e-07,2.5e-05,-5e-06,0){4,4};
ST(2.5e-05,-5e-06,5e-07,2.5e-05,-2.5e-06,5e-07,2.5e-05,-5e-06,0){1,1,1};
ST(2.5e-05,-5e-06,0,2.5e-05,-2.5e-06,5e-07,2.5e-05,-2.5e-06,0){1,1,1};
ST(2.5e-05,1.75e-05,5e-07,2.5e-05,2e-05,5e-07,2.5e-05,2e-05,0){1,1,1};
ST(2.5e-05,1.75e-05,5e-07,2.5e-05,2e-05,0,2.5e-05,1.75e-05,0){1,1,1};
ST(2.5e-05,-2.5e-06,0,2.5e-05,-2.5e-06,5e-07,2.5e-05,-1.01644e-20,0){1,1,1};
ST(2.5e-05,-1.01644e-20,0,2.5e-05,2.5e-06,5e-07,2.5e-05,2.5e-06,0){1,1,1};
ST(2.5e-05,-1.01644e-20,0,2.5e-05,-3.72694e-20,5e-07,2.5e-05,2.5e-06,5e-07){1,1,1};
ST(2.5e-05,-2.5e-06,5e-07,2.5e-05,-3.72694e-20,5e-07,2.5e-05,-1.01644e-20,0){1,1,1};
ST(2.5e-05,2.5e-06,0,2.5e-05,5e-06,5e-07,2.5e-05,5e-06,0){1,1,1};
ST(2.5e-05,2.5e-06,5e-07,2.5e-05,5e-06,5e-07,2.5e-05,2.5e-06,0){1,1,1};
ST(2.5e-05,5e-06,0,2.5e-05,7.5e-06,5e-07,2.5e-05,7.5e-06,0){1,1,1};
ST(2.5e-05,5e-06,5e-07,2.5e-05,7.5e-06,5e-07,2.5e-05,5e-06,0){1,1,1};
ST(2.5e-05,7.5e-06,0,2.5e-05,7.5e-06,5e-07,2.5e-05,1e-05,0){1,1,1};
ST(2.5e-05,1e-05,0,2.5e-05,1e-05,5e-07,2.5e-05,1.25e-05,0){1,1,1};
ST(2.5e-05,7.5e-06,5e-07,2.5e-05,1e-05,5e-07,2.5e-05,1e-05,0){1,1,1};
ST(2.5e-05,1.25e-05,0,2.5e-05,1.25e-05,5e-07,2.5e-05,1.5e-05,0){1,1,1};
ST(2.5e-05,1e-05,5e-07,2.5e-05,1.25e-05,5e-07,2.5e-05,1.25e-05,0){1,1,1};
ST(2.5e-05,1.5e-05,0,2.5e-05,1.5e-05,5e-07,2.5e-05,1.75e-05,0){1,1,1};
ST(2.5e-05,1.25e-05,5e-07,2.5e-05,1.5e-05,5e-07,2.5e-05,1.5e-05,0){1,1,1};
ST(2.5e-05,1.5e-05,5e-07,2.5e-05,1.75e-05,5e-07,2.5e-05,1.75e-05,0){1,1,1};
};
