View "Statistics" {
T2(1.e5,30,66560){"Elementary Entity"};
SP(2.5e-05,2e-05,0){1};
SP(0,2e-05,0){2};
SP(0,2e-05,5e-07){3};
SP(2.5e-05,2e-05,5e-07){4};
SL(2.5e-05,2e-05,0,2.25e-05,2e-05,0){1,1};
SL(2.25e-05,2e-05,0,2e-05,2e-05,0){1,1};
SL(2e-05,2e-05,0,1.75e-05,2e-05,0){1,1};
SL(1.75e-05,2e-05,0,1.5e-05,2e-05,0){1,1};
SL(1.5e-05,2e-05,0,1.25e-05,2e-05,0){1,1};
SL(1.25e-05,2e-05,0,1e-05,2e-05,0){1,1};
SL(1e-05,2e-05,0,7.5e-06,2e-05,0){1,1};
SL(7.5e-06,2e-05,0,5e-06,2e-05,0){1,1};
SL(5e-06,2e-05,0,2.5e-06,2e-05,0){1,1};
SL(2.5e-06,2e-05,0,0,2e-05,0){1,1};
SL(0,2e-05,0,0,2e-05,5e-07){2,2};
SL(0,2e-05,5e-07,2.5e-06,2e-05,5e-07){3,3};
SL(2.5e-06,2e-05,5e-07,5e-06,2e-05,5e-07){3,3};
SL(5e-06,2e-05,5e-07,7.5e-06,2e-05,5e-07){3,3};
SL(7.5e-06,2e-05,5e-07,1e-05,2e-05,5e-07){3,3};
SL(1e-05,2e-05,5e-07,1.25e-05,2e-05,5e-07){3,3};
SL(1.25e-05,2e-05,5e-07,1.5e-05,2e-05,5e-07){3,3};
SL(1.5e-05,2e-05,5e-07,1.75e-05,2e-05,5e-07){3,3};
SL(1.75e-05,2e-05,5e-07,2e-05,2e-05,5e-07){3,3};
SL(2e-05,2e-05,5e-07,2.25e-05,2e-05,5e-07){3,3};
SL(2.25e-05,2e-05,5e-07,2.5e-05,2e-05,5e-07){3,3};
SL(2.5e-05,2e-05,5e-07,2.5e-05,2e-05,0){4,4};
ST(2.25e-05,2e-05,0,2.5e-05,2e-05,0,2.5e-05,2e-05,5e-07){1,1,1};
ST(0,2e-05,0,2.5e-06,2e-05,0,0,2e-05,5e-07){1,1,1};
ST(0,2e-05,5e-07,2.5e-06,2e-05,0,2.5e-06,2e-05,5e-07){1,1,1};
ST(2.25e-05,2e-05,0,2.5e-05,2e-05,5e-07,2.25e-05,2e-05,5e-07){1,1,1};
ST(2e-05,2e-05,0,2.25e-05,2e-05,0,2e-05,2e-05,5e-07){1,1,1};
ST(2e-05,2e-05,5e-07,2.25e-05,2e-05,0,2.25e-05,2e-05,5e-07){1,1,1};
ST(1.75e-05,2e-05,0,2e-05,2e-05,0,2e-05,2e-05,5e-07){1,1,1};
ST(1.5e-05,2e-05,0,1.75e-05,2e-05,0,1.75e-05,2e-05,5e-07){1,1,1};
ST(1.75e-05,2e-05,5e-07,1.75e-05,2e-05,0,2e-05,2e-05,5e-07){1,1,1};
ST(1.25e-05,2e-05,0,1.5e-05,2e-05,0,1.5e-05,2e-05,5e-07){1,1,1};
ST(1.5e-05,2e-05,5e-07,1.5e-05,2e-05,0,1.75e-05,2e-05,5e-07){1,1,1};
ST(1e-05,2e-05,0,1.25e-05,2e-05,0,1e-05,2e-05,5e-07){1,1,1};
ST(1e-05,2e-05,5e-07,1.25e-05,2e-05,0,1.25e-05,2e-05,5e-07){1,1,1};
ST(1.25e-05,2e-05,0,1.5e-05,2e-05,5e-07,1.25e-05,2e-05,5e-07){1,1,1};
ST(7.5e-06,2e-05,0,1e-05,2e-05,0,7.5e-06,2e-05,5e-07){1,1,1};
ST(7.5e-06,2e-05,5e-07,1e-05,2e-05,0,1e-05,2e-05,5e-07){1,1,1};
ST(5e-06,2e-05,0,7.5e-06,2e-05,0,5e-06,2e-05,5e-07){1,1,1};
ST(5e-06,2e-05,5e-07,7.5e-06,2e-05,0,7.5e-06,2e-05,5e-07){1,1,1};
ST(2.5e-06,2e-05,5e-07,2.5e-06,2e-05,0,5e-06,2e-05,0){1,1,1};
ST(2.5e-06,2e-05,5e-07,5e-06,2e-05,0,5e-06,2e-05,5e-07){1,1,1};
};
