View "Statistics" {
T2(1.e5,30,66560){"Elementary Entity"};
SP(5e-06,1e-05,1.8e-06){1};
SP(5e-06,5e-06,1.8e-06){2};
SP(2e-05,5e-06,1.8e-06){3};
SP(2e-05,1e-05,1.8e-06){4};
SL(5e-06,1e-05,1.8e-06,5e-06,8.75e-06,1.8e-06){1,1};
SL(5e-06,8.75e-06,1.8e-06,5e-06,7.5e-06,1.8e-06){1,1};
SL(5e-06,7.5e-06,1.8e-06,5e-06,6.25e-06,1.8e-06){1,1};
SL(5e-06,6.25e-06,1.8e-06,5e-06,5e-06,1.8e-06){1,1};
SL(5e-06,5e-06,1.8e-06,6.5e-06,5e-06,1.8e-06){2,2};
SL(6.5e-06,5e-06,1.8e-06,8e-06,5e-06,1.8e-06){2,2};
SL(8e-06,5e-06,1.8e-06,9.5e-06,5e-06,1.8e-06){2,2};
SL(9.5e-06,5e-06,1.8e-06,1.1e-05,5e-06,1.8e-06){2,2};
SL(1.1e-05,5e-06,1.8e-06,1.25e-05,5e-06,1.8e-06){2,2};
SL(1.25e-05,5e-06,1.8e-06,1.4e-05,5e-06,1.8e-06){2,2};
SL(1.4e-05,5e-06,1.8e-06,1.55e-05,5e-06,1.8e-06){2,2};
SL(1.55e-05,5e-06,1.8e-06,1.7e-05,5e-06,1.8e-06){2,2};
SL(1.7e-05,5e-06,1.8e-06,1.85e-05,5e-06,1.8e-06){2,2};
SL(1.85e-05,5e-06,1.8e-06,2e-05,5e-06,1.8e-06){2,2};
SL(2e-05,5e-06,1.8e-06,2e-05,6.25e-06,1.8e-06){3,3};
SL(2e-05,6.25e-06,1.8e-06,2e-05,7.5e-06,1.8e-06){3,3};
SL(2e-05,7.5e-06,1.8e-06,2e-05,8.75e-06,1.8e-06){3,3};
SL(2e-05,8.75e-06,1.8e-06,2e-05,1e-05,1.8e-06){3,3};
SL(2e-05,1e-05,1.8e-06,1.85e-05,1e-05,1.8e-06){4,4};
SL(1.85e-05,1e-05,1.8e-06,1.7e-05,1e-05,1.8e-06){4,4};
SL(1.7e-05,1e-05,1.8e-06,1.55e-05,1e-05,1.8e-06){4,4};
SL(1.55e-05,1e-05,1.8e-06,1.4e-05,1e-05,1.8e-06){4,4};
SL(1.4e-05,1e-05,1.8e-06,1.25e-05,1e-05,1.8e-06){4,4};
SL(1.25e-05,1e-05,1.8e-06,1.1e-05,1e-05,1.8e-06){4,4};
SL(1.1e-05,1e-05,1.8e-06,9.5e-06,1e-05,1.8e-06){4,4};
SL(9.5e-06,1e-05,1.8e-06,8e-06,1e-05,1.8e-06){4,4};
SL(8e-06,1e-05,1.8e-06,6.5e-06,1e-05,1.8e-06){4,4};
SL(6.5e-06,1e-05,1.8e-06,5e-06,1e-05,1.8e-06){4,4};
ST(1.7639e-05,7.41254e-06,1.8e-06,1.61042e-05,6.54375e-06,1.8e-06,1.61848e-05,8.44809e-06,1.8e-06){1,1,1};
ST(1.47014e-05,7.5e-06,1.8e-06,1.325e-05,6.5875e-06,1.8e-06,1.325e-05,8.4125e-06,1.8e-06){1,1,1};
ST(1.325e-05,6.5875e-06,1.8e-06,1.175e-05,7.5e-06,1.8e-06,1.325e-05,8.4125e-06,1.8e-06){1,1,1};
ST(1.61042e-05,6.54375e-06,1.8e-06,1.47014e-05,7.5e-06,1.8e-06,1.61848e-05,8.44809e-06,1.8e-06){1,1,1};
ST(8.76194e-06,8.51274e-06,1.8e-06,9.5e-06,1e-05,1.8e-06,1.04929e-05,8.48538e-06,1.8e-06){1,1,1};
ST(1.25e-05,1e-05,1.8e-06,1.4e-05,1e-05,1.8e-06,1.325e-05,8.4125e-06,1.8e-06){1,1,1};
ST(1.4e-05,5e-06,1.8e-06,1.25e-05,5e-06,1.8e-06,1.325e-05,6.5875e-06,1.8e-06){1,1,1};
ST(1.7e-05,5e-06,1.8e-06,1.55e-05,5e-06,1.8e-06,1.61042e-05,6.54375e-06,1.8e-06){1,1,1};
ST(1.55e-05,1e-05,1.8e-06,1.7e-05,1e-05,1.8e-06,1.61848e-05,8.44809e-06,1.8e-06){1,1,1};
ST(9.5e-06,1e-05,1.8e-06,1.1e-05,1e-05,1.8e-06,1.04929e-05,8.48538e-06,1.8e-06){1,1,1};
ST(9.66857e-06,7.24892e-06,1.8e-06,8.76194e-06,8.51274e-06,1.8e-06,1.04929e-05,8.48538e-06,1.8e-06){1,1,1};
ST(8e-06,1e-05,1.8e-06,9.5e-06,1e-05,1.8e-06,8.76194e-06,8.51274e-06,1.8e-06){1,1,1};
ST(1.61848e-05,8.44809e-06,1.8e-06,1.7e-05,1e-05,1.8e-06,1.78475e-05,8.84986e-06,1.8e-06){1,1,1};
ST(2e-05,8.75e-06,1.8e-06,2e-05,7.5e-06,1.8e-06,1.87292e-05,8.125e-06,1.8e-06){1,1,1};
ST(5e-06,6.25e-06,1.8e-06,5e-06,7.5e-06,1.8e-06,6.27083e-06,6.875e-06,1.8e-06){1,1,1};
ST(1.4e-05,5e-06,1.8e-06,1.325e-05,6.5875e-06,1.8e-06,1.475e-05,6.1375e-06,1.8e-06){1,1,1};
ST(1.325e-05,6.5875e-06,1.8e-06,1.47014e-05,7.5e-06,1.8e-06,1.475e-05,6.1375e-06,1.8e-06){1,1,1};
ST(1.325e-05,8.4125e-06,1.8e-06,1.4e-05,1e-05,1.8e-06,1.475e-05,8.8625e-06,1.8e-06){1,1,1};
ST(1.47014e-05,7.5e-06,1.8e-06,1.325e-05,8.4125e-06,1.8e-06,1.475e-05,8.8625e-06,1.8e-06){1,1,1};
ST(9.5e-06,5e-06,1.8e-06,8e-06,5e-06,1.8e-06,8.55499e-06,6.34551e-06,1.8e-06){1,1,1};
ST(1.25e-05,1e-05,1.8e-06,1.325e-05,8.4125e-06,1.8e-06,1.17931e-05,8.84956e-06,1.8e-06){1,1,1};
ST(1.325e-05,8.4125e-06,1.8e-06,1.175e-05,7.5e-06,1.8e-06,1.17931e-05,8.84956e-06,1.8e-06){1,1,1};
ST(1.7e-05,5e-06,1.8e-06,1.61042e-05,6.54375e-06,1.8e-06,1.73124e-05,6.21308e-06,1.8e-06){1,1,1};
ST(1.86315e-05,6.29176e-06,1.8e-06,1.85e-05,5e-06,1.8e-06,1.73124e-05,6.21308e-06,1.8e-06){1,1,1};
ST(1.7639e-05,7.41254e-06,1.8e-06,1.61848e-05,8.44809e-06,1.8e-06,1.78475e-05,8.84986e-06,1.8e-06){1,1,1};
ST(1.7639e-05,7.41254e-06,1.8e-06,1.87292e-05,8.125e-06,1.8e-06,1.9065e-05,7.21501e-06,1.8e-06){1,1,1};
ST(7.41846e-06,7.5482e-06,1.8e-06,6.27083e-06,6.875e-06,1.8e-06,5.93802e-06,7.78309e-06,1.8e-06){1,1,1};
ST(1.86315e-05,6.29176e-06,1.8e-06,1.7639e-05,7.41254e-06,1.8e-06,1.9065e-05,7.21501e-06,1.8e-06){1,1,1};
ST(6.36907e-06,8.71098e-06,1.8e-06,7.41846e-06,7.5482e-06,1.8e-06,5.93802e-06,7.78309e-06,1.8e-06){1,1,1};
ST(1.85e-05,5e-06,1.8e-06,1.7e-05,5e-06,1.8e-06,1.73124e-05,6.21308e-06,1.8e-06){1,1,1};
ST(1.175e-05,7.5e-06,1.8e-06,1.325e-05,6.5875e-06,1.8e-06,1.19307e-05,6.11897e-06,1.8e-06){1,1,1};
ST(1.325e-05,6.5875e-06,1.8e-06,1.25e-05,5e-06,1.8e-06,1.19307e-05,6.11897e-06,1.8e-06){1,1,1};
ST(9.5e-06,5e-06,1.8e-06,8.55499e-06,6.34551e-06,1.8e-06,9.82049e-06,6.04868e-06,1.8e-06){1,1,1};
ST(6.36907e-06,8.71098e-06,1.8e-06,6.5e-06,1e-05,1.8e-06,7.57557e-06,8.87169e-06,1.8e-06){1,1,1};
ST(1.55e-05,1e-05,1.8e-06,1.61848e-05,8.44809e-06,1.8e-06,1.475e-05,8.8625e-06,1.8e-06){1,1,1};
ST(1.61042e-05,6.54375e-06,1.8e-06,1.55e-05,5e-06,1.8e-06,1.475e-05,6.1375e-06,1.8e-06){1,1,1};
ST(1.47014e-05,7.5e-06,1.8e-06,1.61042e-05,6.54375e-06,1.8e-06,1.475e-05,6.1375e-06,1.8e-06){1,1,1};
ST(1.61848e-05,8.44809e-06,1.8e-06,1.47014e-05,7.5e-06,1.8e-06,1.475e-05,8.8625e-06,1.8e-06){1,1,1};
ST(6.5e-06,1e-05,1.8e-06,8e-06,1e-05,1.8e-06,7.57557e-06,8.87169e-06,1.8e-06){1,1,1};
ST(1.61042e-05,6.54375e-06,1.8e-06,1.7639e-05,7.41254e-06,1.8e-06,1.73124e-05,6.21308e-06,1.8e-06){1,1,1};
ST(5e-06,8.75e-06,1.8e-06,6.36907e-06,8.71098e-06,1.8e-06,5.93802e-06,7.78309e-06,1.8e-06){1,1,1};
ST(2e-05,6.25e-06,1.8e-06,1.86315e-05,6.29176e-06,1.8e-06,1.9065e-05,7.21501e-06,1.8e-06){1,1,1};
ST(8e-06,1e-05,1.8e-06,8.76194e-06,8.51274e-06,1.8e-06,7.57557e-06,8.87169e-06,1.8e-06){1,1,1};
ST(6.27083e-06,6.875e-06,1.8e-06,7.41846e-06,7.5482e-06,1.8e-06,7.16482e-06,6.07464e-06,1.8e-06){1,1,1};
ST(8.76194e-06,8.51274e-06,1.8e-06,7.41846e-06,7.5482e-06,1.8e-06,7.57557e-06,8.87169e-06,1.8e-06){1,1,1};
ST(1.25e-05,5e-06,1.8e-06,1.1e-05,5e-06,1.8e-06,1.19307e-05,6.11897e-06,1.8e-06){1,1,1};
ST(1.04929e-05,8.48538e-06,1.8e-06,1.1e-05,1e-05,1.8e-06,1.17931e-05,8.84956e-06,1.8e-06){1,1,1};
ST(1.7e-05,1e-05,1.8e-06,1.85e-05,1e-05,1.8e-06,1.78475e-05,8.84986e-06,1.8e-06){1,1,1};
ST(1.175e-05,7.5e-06,1.8e-06,1.04929e-05,8.48538e-06,1.8e-06,1.17931e-05,8.84956e-06,1.8e-06){1,1,1};
ST(7.41846e-06,7.5482e-06,1.8e-06,8.76194e-06,8.51274e-06,1.8e-06,8.61019e-06,7.43847e-06,1.8e-06){1,1,1};
ST(8.76194e-06,8.51274e-06,1.8e-06,9.66857e-06,7.24892e-06,1.8e-06,8.61019e-06,7.43847e-06,1.8e-06){1,1,1};
ST(1.85e-05,1e-05,1.8e-06,2e-05,1e-05,1.8e-06,1.90321e-05,9.11353e-06,1.8e-06){1,1,1};
ST(6.5e-06,5e-06,1.8e-06,5e-06,5e-06,1.8e-06,5.96789e-06,5.88647e-06,1.8e-06){1,1,1};
ST(1.1e-05,5e-06,1.8e-06,1.08575e-05,6.40526e-06,1.8e-06,1.19307e-05,6.11897e-06,1.8e-06){1,1,1};
ST(2e-05,5e-06,1.8e-06,1.85e-05,5e-06,1.8e-06,1.925e-05,5.625e-06,1.8e-06){1,1,1};
ST(5e-06,1e-05,1.8e-06,6.5e-06,1e-05,1.8e-06,5.75e-06,9.375e-06,1.8e-06){1,1,1};
ST(7.41846e-06,7.5482e-06,1.8e-06,8.55499e-06,6.34551e-06,1.8e-06,7.16482e-06,6.07464e-06,1.8e-06){1,1,1};
ST(6.36907e-06,8.71098e-06,1.8e-06,5e-06,8.75e-06,1.8e-06,5.75e-06,9.375e-06,1.8e-06){1,1,1};
ST(1.86315e-05,6.29176e-06,1.8e-06,2e-05,6.25e-06,1.8e-06,1.925e-05,5.625e-06,1.8e-06){1,1,1};
ST(1.87292e-05,8.125e-06,1.8e-06,1.7639e-05,7.41254e-06,1.8e-06,1.78475e-05,8.84986e-06,1.8e-06){1,1,1};
ST(1.1e-05,5e-06,1.8e-06,9.5e-06,5e-06,1.8e-06,9.82049e-06,6.04868e-06,1.8e-06){1,1,1};
ST(2e-05,7.5e-06,1.8e-06,2e-05,6.25e-06,1.8e-06,1.9065e-05,7.21501e-06,1.8e-06){1,1,1};
ST(5e-06,7.5e-06,1.8e-06,5e-06,8.75e-06,1.8e-06,5.93802e-06,7.78309e-06,1.8e-06){1,1,1};
ST(1.1e-05,1e-05,1.8e-06,1.25e-05,1e-05,1.8e-06,1.17931e-05,8.84956e-06,1.8e-06){1,1,1};
ST(7.41846e-06,7.5482e-06,1.8e-06,6.36907e-06,8.71098e-06,1.8e-06,7.57557e-06,8.87169e-06,1.8e-06){1,1,1};
ST(1.78475e-05,8.84986e-06,1.8e-06,1.85e-05,1e-05,1.8e-06,1.90321e-05,9.11353e-06,1.8e-06){1,1,1};
ST(1.7639e-05,7.41254e-06,1.8e-06,1.86315e-05,6.29176e-06,1.8e-06,1.73124e-05,6.21308e-06,1.8e-06){1,1,1};
ST(1.55e-05,5e-06,1.8e-06,1.4e-05,5e-06,1.8e-06,1.475e-05,6.1375e-06,1.8e-06){1,1,1};
ST(1.4e-05,1e-05,1.8e-06,1.55e-05,1e-05,1.8e-06,1.475e-05,8.8625e-06,1.8e-06){1,1,1};
ST(6.27083e-06,6.875e-06,1.8e-06,5e-06,7.5e-06,1.8e-06,5.93802e-06,7.78309e-06,1.8e-06){1,1,1};
ST(1.87292e-05,8.125e-06,1.8e-06,2e-05,7.5e-06,1.8e-06,1.9065e-05,7.21501e-06,1.8e-06){1,1,1};
ST(1.08575e-05,6.40526e-06,1.8e-06,1.1e-05,5e-06,1.8e-06,9.82049e-06,6.04868e-06,1.8e-06){1,1,1};
ST(2e-05,1e-05,1.8e-06,2e-05,8.75e-06,1.8e-06,1.90321e-05,9.11353e-06,1.8e-06){1,1,1};
ST(5e-06,5e-06,1.8e-06,5e-06,6.25e-06,1.8e-06,5.96789e-06,5.88647e-06,1.8e-06){1,1,1};
ST(9.66857e-06,7.24892e-06,1.8e-06,1.04929e-05,8.48538e-06,1.8e-06,1.06741e-05,7.42553e-06,1.8e-06){1,1,1};
ST(1.87292e-05,8.125e-06,1.8e-06,1.78475e-05,8.84986e-06,1.8e-06,1.90321e-05,9.11353e-06,1.8e-06){1,1,1};
ST(1.04929e-05,8.48538e-06,1.8e-06,1.175e-05,7.5e-06,1.8e-06,1.06741e-05,7.42553e-06,1.8e-06){1,1,1};
ST(2e-05,8.75e-06,1.8e-06,1.87292e-05,8.125e-06,1.8e-06,1.90321e-05,9.11353e-06,1.8e-06){1,1,1};
ST(5e-06,6.25e-06,1.8e-06,6.27083e-06,6.875e-06,1.8e-06,5.96789e-06,5.88647e-06,1.8e-06){1,1,1};
ST(8e-06,5e-06,1.8e-06,6.5e-06,5e-06,1.8e-06,7.16482e-06,6.07464e-06,1.8e-06){1,1,1};
ST(8.55499e-06,6.34551e-06,1.8e-06,8e-06,5e-06,1.8e-06,7.16482e-06,6.07464e-06,1.8e-06){1,1,1};
ST(8.55499e-06,6.34551e-06,1.8e-06,9.66857e-06,7.24892e-06,1.8e-06,9.82049e-06,6.04868e-06,1.8e-06){1,1,1};
ST(6.5e-06,1e-05,1.8e-06,6.36907e-06,8.71098e-06,1.8e-06,5.75e-06,9.375e-06,1.8e-06){1,1,1};
ST(1.85e-05,5e-06,1.8e-06,1.86315e-05,6.29176e-06,1.8e-06,1.925e-05,5.625e-06,1.8e-06){1,1,1};
ST(1.08575e-05,6.40526e-06,1.8e-06,1.175e-05,7.5e-06,1.8e-06,1.19307e-05,6.11897e-06,1.8e-06){1,1,1};
ST(6.27083e-06,6.875e-06,1.8e-06,7.16482e-06,6.07464e-06,1.8e-06,5.96789e-06,5.88647e-06,1.8e-06){1,1,1};
ST(8.55499e-06,6.34551e-06,1.8e-06,7.41846e-06,7.5482e-06,1.8e-06,8.61019e-06,7.43847e-06,1.8e-06){1,1,1};
ST(5e-06,8.75e-06,1.8e-06,5e-06,1e-05,1.8e-06,5.75e-06,9.375e-06,1.8e-06){1,1,1};
ST(2e-05,6.25e-06,1.8e-06,2e-05,5e-06,1.8e-06,1.925e-05,5.625e-06,1.8e-06){1,1,1};
ST(9.66857e-06,7.24892e-06,1.8e-06,8.55499e-06,6.34551e-06,1.8e-06,8.61019e-06,7.43847e-06,1.8e-06){1,1,1};
ST(9.66857e-06,7.24892e-06,1.8e-06,1.08575e-05,6.40526e-06,1.8e-06,9.82049e-06,6.04868e-06,1.8e-06){1,1,1};
ST(7.16482e-06,6.07464e-06,1.8e-06,6.5e-06,5e-06,1.8e-06,5.96789e-06,5.88647e-06,1.8e-06){1,1,1};
ST(1.175e-05,7.5e-06,1.8e-06,1.08575e-05,6.40526e-06,1.8e-06,1.06741e-05,7.42553e-06,1.8e-06){1,1,1};
ST(1.08575e-05,6.40526e-06,1.8e-06,9.66857e-06,7.24892e-06,1.8e-06,1.06741e-05,7.42553e-06,1.8e-06){1,1,1};
};
