View "Statistics" {
T2(1.e5,30,66560){"Elementary Entity"};
SP(5e-06,1e-05,1.5e-06){1};
SP(5e-06,5e-06,1.5e-06){2};
SP(5e-06,5e-06,1.8e-06){3};
SP(5e-06,1e-05,1.8e-06){4};
SL(5e-06,1e-05,1.5e-06,5e-06,9.5e-06,1.5e-06){1,1};
SL(5e-06,9.5e-06,1.5e-06,5e-06,9e-06,1.5e-06){1,1};
SL(5e-06,9e-06,1.5e-06,5e-06,8.5e-06,1.5e-06){1,1};
SL(5e-06,8.5e-06,1.5e-06,5e-06,8e-06,1.5e-06){1,1};
SL(5e-06,8e-06,1.5e-06,5e-06,7.5e-06,1.5e-06){1,1};
SL(5e-06,7.5e-06,1.5e-06,5e-06,7e-06,1.5e-06){1,1};
SL(5e-06,7e-06,1.5e-06,5e-06,6.5e-06,1.5e-06){1,1};
SL(5e-06,6.5e-06,1.5e-06,5e-06,6e-06,1.5e-06){1,1};
SL(5e-06,6e-06,1.5e-06,5e-06,5.5e-06,1.5e-06){1,1};
SL(5e-06,5.5e-06,1.5e-06,5e-06,5e-06,1.5e-06){1,1};
SL(5e-06,5e-06,1.5e-06,5e-06,5e-06,1.8e-06){2,2};
SL(5e-06,5e-06,1.8e-06,5e-06,5.5e-06,1.8e-06){3,3};
SL(5e-06,5.5e-06,1.8e-06,5e-06,6e-06,1.8e-06){3,3};
SL(5e-06,6e-06,1.8e-06,5e-06,6.5e-06,1.8e-06){3,3};
SL(5e-06,6.5e-06,1.8e-06,5e-06,7e-06,1.8e-06){3,3};
SL(5e-06,7e-06,1.8e-06,5e-06,7.5e-06,1.8e-06){3,3};
SL(5e-06,7.5e-06,1.8e-06,5e-06,8e-06,1.8e-06){3,3};
SL(5e-06,8e-06,1.8e-06,5e-06,8.5e-06,1.8e-06){3,3};
SL(5e-06,8.5e-06,1.8e-06,5e-06,9e-06,1.8e-06){3,3};
SL(5e-06,9e-06,1.8e-06,5e-06,9.5e-06,1.8e-06){3,3};
SL(5e-06,9.5e-06,1.8e-06,5e-06,1e-05,1.8e-06){3,3};
SL(5e-06,1e-05,1.8e-06,5e-06,1e-05,1.5e-06){4,4};
ST(5e-06,8.5e-06,1.8e-06,5e-06,8.5e-06,1.5e-06,5e-06,8.25e-06,1.65e-06){1,1,1};
ST(5e-06,8.5e-06,1.5e-06,5e-06,8.5e-06,1.8e-06,5e-06,8.75e-06,1.65e-06){1,1,1};
ST(5e-06,7.5e-06,1.5e-06,5e-06,7.5e-06,1.8e-06,5e-06,7.75e-06,1.65e-06){1,1,1};
ST(5e-06,7.5e-06,1.8e-06,5e-06,7.5e-06,1.5e-06,5e-06,7.25e-06,1.65e-06){1,1,1};
ST(5e-06,7e-06,1.8e-06,5e-06,7e-06,1.5e-06,5e-06,6.75e-06,1.65e-06){1,1,1};
ST(5e-06,6e-06,1.5e-06,5e-06,6e-06,1.8e-06,5e-06,6.25e-06,1.65e-06){1,1,1};
ST(5e-06,5.5e-06,1.5e-06,5e-06,5.5e-06,1.8e-06,5e-06,5.75e-06,1.65e-06){1,1,1};
ST(5e-06,9.5e-06,1.5e-06,5e-06,9.5e-06,1.8e-06,5e-06,9.75e-06,1.65e-06){1,1,1};
ST(5e-06,9.5e-06,1.8e-06,5e-06,9.5e-06,1.5e-06,5e-06,9.25e-06,1.65e-06){1,1,1};
ST(5e-06,5e-06,1.5e-06,5e-06,5e-06,1.8e-06,5e-06,5.25e-06,1.65e-06){1,1,1};
ST(5e-06,9e-06,1.5e-06,5e-06,9e-06,1.8e-06,5e-06,9.25e-06,1.65e-06){1,1,1};
ST(5e-06,6e-06,1.8e-06,5e-06,6e-06,1.5e-06,5e-06,5.75e-06,1.65e-06){1,1,1};
ST(5e-06,5.5e-06,1.8e-06,5e-06,5.5e-06,1.5e-06,5e-06,5.25e-06,1.65e-06){1,1,1};
ST(5e-06,1e-05,1.8e-06,5e-06,1e-05,1.5e-06,5e-06,9.75e-06,1.65e-06){1,1,1};
ST(5e-06,7e-06,1.5e-06,5e-06,7e-06,1.8e-06,5e-06,7.25e-06,1.65e-06){1,1,1};
ST(5e-06,6.5e-06,1.5e-06,5e-06,6.5e-06,1.8e-06,5e-06,6.75e-06,1.65e-06){1,1,1};
ST(5e-06,6.5e-06,1.8e-06,5e-06,6.5e-06,1.5e-06,5e-06,6.25e-06,1.65e-06){1,1,1};
ST(5e-06,8e-06,1.8e-06,5e-06,8e-06,1.5e-06,5e-06,7.75e-06,1.65e-06){1,1,1};
ST(5e-06,8e-06,1.5e-06,5e-06,8e-06,1.8e-06,5e-06,8.25e-06,1.65e-06){1,1,1};
ST(5e-06,9e-06,1.8e-06,5e-06,9e-06,1.5e-06,5e-06,8.75e-06,1.65e-06){1,1,1};
ST(5e-06,1e-05,1.5e-06,5e-06,9.5e-06,1.5e-06,5e-06,9.75e-06,1.65e-06){1,1,1};
ST(5e-06,5.5e-06,1.5e-06,5e-06,5e-06,1.5e-06,5e-06,5.25e-06,1.65e-06){1,1,1};
ST(5e-06,5e-06,1.8e-06,5e-06,5.5e-06,1.8e-06,5e-06,5.25e-06,1.65e-06){1,1,1};
ST(5e-06,9.5e-06,1.8e-06,5e-06,1e-05,1.8e-06,5e-06,9.75e-06,1.65e-06){1,1,1};
ST(5e-06,9.5e-06,1.5e-06,5e-06,9e-06,1.5e-06,5e-06,9.25e-06,1.65e-06){1,1,1};
ST(5e-06,9e-06,1.5e-06,5e-06,8.5e-06,1.5e-06,5e-06,8.75e-06,1.65e-06){1,1,1};
ST(5e-06,8.5e-06,1.5e-06,5e-06,8e-06,1.5e-06,5e-06,8.25e-06,1.65e-06){1,1,1};
ST(5e-06,8e-06,1.5e-06,5e-06,7.5e-06,1.5e-06,5e-06,7.75e-06,1.65e-06){1,1,1};
ST(5e-06,7.5e-06,1.5e-06,5e-06,7e-06,1.5e-06,5e-06,7.25e-06,1.65e-06){1,1,1};
ST(5e-06,7e-06,1.5e-06,5e-06,6.5e-06,1.5e-06,5e-06,6.75e-06,1.65e-06){1,1,1};
ST(5e-06,6.5e-06,1.5e-06,5e-06,6e-06,1.5e-06,5e-06,6.25e-06,1.65e-06){1,1,1};
ST(5e-06,6e-06,1.5e-06,5e-06,5.5e-06,1.5e-06,5e-06,5.75e-06,1.65e-06){1,1,1};
ST(5e-06,5.5e-06,1.8e-06,5e-06,6e-06,1.8e-06,5e-06,5.75e-06,1.65e-06){1,1,1};
ST(5e-06,6e-06,1.8e-06,5e-06,6.5e-06,1.8e-06,5e-06,6.25e-06,1.65e-06){1,1,1};
ST(5e-06,6.5e-06,1.8e-06,5e-06,7e-06,1.8e-06,5e-06,6.75e-06,1.65e-06){1,1,1};
ST(5e-06,7e-06,1.8e-06,5e-06,7.5e-06,1.8e-06,5e-06,7.25e-06,1.65e-06){1,1,1};
ST(5e-06,7.5e-06,1.8e-06,5e-06,8e-06,1.8e-06,5e-06,7.75e-06,1.65e-06){1,1,1};
ST(5e-06,8e-06,1.8e-06,5e-06,8.5e-06,1.8e-06,5e-06,8.25e-06,1.65e-06){1,1,1};
ST(5e-06,8.5e-06,1.8e-06,5e-06,9e-06,1.8e-06,5e-06,8.75e-06,1.65e-06){1,1,1};
ST(5e-06,9e-06,1.8e-06,5e-06,9.5e-06,1.8e-06,5e-06,9.25e-06,1.65e-06){1,1,1};
};
