View "Statistics" {
T2(1.e5,30,66560){"Elementary Entity"};
SP(2e-05,5e-06,1.5e-06){1};
SP(2e-05,1e-05,1.5e-06){2};
SP(2e-05,1e-05,1.8e-06){3};
SP(2e-05,5e-06,1.8e-06){4};
SL(2e-05,5e-06,1.5e-06,2e-05,5.5e-06,1.5e-06){1,1};
SL(2e-05,5.5e-06,1.5e-06,2e-05,6e-06,1.5e-06){1,1};
SL(2e-05,6e-06,1.5e-06,2e-05,6.5e-06,1.5e-06){1,1};
SL(2e-05,6.5e-06,1.5e-06,2e-05,7e-06,1.5e-06){1,1};
SL(2e-05,7e-06,1.5e-06,2e-05,7.5e-06,1.5e-06){1,1};
SL(2e-05,7.5e-06,1.5e-06,2e-05,8e-06,1.5e-06){1,1};
SL(2e-05,8e-06,1.5e-06,2e-05,8.5e-06,1.5e-06){1,1};
SL(2e-05,8.5e-06,1.5e-06,2e-05,9e-06,1.5e-06){1,1};
SL(2e-05,9e-06,1.5e-06,2e-05,9.5e-06,1.5e-06){1,1};
SL(2e-05,9.5e-06,1.5e-06,2e-05,1e-05,1.5e-06){1,1};
SL(2e-05,1e-05,1.5e-06,2e-05,1e-05,1.8e-06){2,2};
SL(2e-05,1e-05,1.8e-06,2e-05,9.5e-06,1.8e-06){3,3};
SL(2e-05,9.5e-06,1.8e-06,2e-05,9e-06,1.8e-06){3,3};
SL(2e-05,9e-06,1.8e-06,2e-05,8.5e-06,1.8e-06){3,3};
SL(2e-05,8.5e-06,1.8e-06,2e-05,8e-06,1.8e-06){3,3};
SL(2e-05,8e-06,1.8e-06,2e-05,7.5e-06,1.8e-06){3,3};
SL(2e-05,7.5e-06,1.8e-06,2e-05,7e-06,1.8e-06){3,3};
SL(2e-05,7e-06,1.8e-06,2e-05,6.5e-06,1.8e-06){3,3};
SL(2e-05,6.5e-06,1.8e-06,2e-05,6e-06,1.8e-06){3,3};
SL(2e-05,6e-06,1.8e-06,2e-05,5.5e-06,1.8e-06){3,3};
SL(2e-05,5.5e-06,1.8e-06,2e-05,5e-06,1.8e-06){3,3};
SL(2e-05,5e-06,1.8e-06,2e-05,5e-06,1.5e-06){4,4};
ST(2e-05,6e-06,1.5e-06,2e-05,6e-06,1.8e-06,2e-05,6.25e-06,1.65e-06){1,1,1};
ST(2e-05,7e-06,1.5e-06,2e-05,7e-06,1.8e-06,2e-05,7.25e-06,1.65e-06){1,1,1};
ST(2e-05,7.5e-06,1.5e-06,2e-05,7.5e-06,1.8e-06,2e-05,7.75e-06,1.65e-06){1,1,1};
ST(2e-05,5.5e-06,1.5e-06,2e-05,5.5e-06,1.8e-06,2e-05,5.75e-06,1.65e-06){1,1,1};
ST(2e-05,8e-06,1.5e-06,2e-05,8e-06,1.8e-06,2e-05,8.25e-06,1.65e-06){1,1,1};
ST(2e-05,6.5e-06,1.5e-06,2e-05,6.5e-06,1.8e-06,2e-05,6.75e-06,1.65e-06){1,1,1};
ST(2e-05,9e-06,1.8e-06,2e-05,9e-06,1.5e-06,2e-05,8.75e-06,1.65e-06){1,1,1};
ST(2e-05,9e-06,1.5e-06,2e-05,9e-06,1.8e-06,2e-05,9.25e-06,1.65e-06){1,1,1};
ST(2e-05,5.5e-06,1.8e-06,2e-05,5.5e-06,1.5e-06,2e-05,5.25e-06,1.65e-06){1,1,1};
ST(2e-05,9.5e-06,1.5e-06,2e-05,9.5e-06,1.8e-06,2e-05,9.75e-06,1.65e-06){1,1,1};
ST(2e-05,7e-06,1.8e-06,2e-05,7e-06,1.5e-06,2e-05,6.75e-06,1.65e-06){1,1,1};
ST(2e-05,8e-06,1.8e-06,2e-05,8e-06,1.5e-06,2e-05,7.75e-06,1.65e-06){1,1,1};
ST(2e-05,8.5e-06,1.8e-06,2e-05,8.5e-06,1.5e-06,2e-05,8.25e-06,1.65e-06){1,1,1};
ST(2e-05,7.5e-06,1.8e-06,2e-05,7.5e-06,1.5e-06,2e-05,7.25e-06,1.65e-06){1,1,1};
ST(2e-05,1e-05,1.8e-06,2e-05,1e-05,1.5e-06,2e-05,9.75e-06,1.65e-06){1,1,1};
ST(2e-05,9.5e-06,1.8e-06,2e-05,9.5e-06,1.5e-06,2e-05,9.25e-06,1.65e-06){1,1,1};
ST(2e-05,6e-06,1.8e-06,2e-05,6e-06,1.5e-06,2e-05,5.75e-06,1.65e-06){1,1,1};
ST(2e-05,6.5e-06,1.8e-06,2e-05,6.5e-06,1.5e-06,2e-05,6.25e-06,1.65e-06){1,1,1};
ST(2e-05,5e-06,1.5e-06,2e-05,5e-06,1.8e-06,2e-05,5.25e-06,1.65e-06){1,1,1};
ST(2e-05,8.5e-06,1.5e-06,2e-05,8.5e-06,1.8e-06,2e-05,8.75e-06,1.65e-06){1,1,1};
ST(2e-05,5.5e-06,1.5e-06,2e-05,5e-06,1.5e-06,2e-05,5.25e-06,1.65e-06){1,1,1};
ST(2e-05,1e-05,1.5e-06,2e-05,9.5e-06,1.5e-06,2e-05,9.75e-06,1.65e-06){1,1,1};
ST(2e-05,9.5e-06,1.8e-06,2e-05,1e-05,1.8e-06,2e-05,9.75e-06,1.65e-06){1,1,1};
ST(2e-05,5e-06,1.8e-06,2e-05,5.5e-06,1.8e-06,2e-05,5.25e-06,1.65e-06){1,1,1};
ST(2e-05,6e-06,1.5e-06,2e-05,5.5e-06,1.5e-06,2e-05,5.75e-06,1.65e-06){1,1,1};
ST(2e-05,6.5e-06,1.5e-06,2e-05,6e-06,1.5e-06,2e-05,6.25e-06,1.65e-06){1,1,1};
ST(2e-05,7e-06,1.5e-06,2e-05,6.5e-06,1.5e-06,2e-05,6.75e-06,1.65e-06){1,1,1};
ST(2e-05,7.5e-06,1.5e-06,2e-05,7e-06,1.5e-06,2e-05,7.25e-06,1.65e-06){1,1,1};
ST(2e-05,8e-06,1.5e-06,2e-05,7.5e-06,1.5e-06,2e-05,7.75e-06,1.65e-06){1,1,1};
ST(2e-05,8.5e-06,1.5e-06,2e-05,8e-06,1.5e-06,2e-05,8.25e-06,1.65e-06){1,1,1};
ST(2e-05,9e-06,1.5e-06,2e-05,8.5e-06,1.5e-06,2e-05,8.75e-06,1.65e-06){1,1,1};
ST(2e-05,9.5e-06,1.5e-06,2e-05,9e-06,1.5e-06,2e-05,9.25e-06,1.65e-06){1,1,1};
ST(2e-05,9e-06,1.8e-06,2e-05,9.5e-06,1.8e-06,2e-05,9.25e-06,1.65e-06){1,1,1};
ST(2e-05,8.5e-06,1.8e-06,2e-05,9e-06,1.8e-06,2e-05,8.75e-06,1.65e-06){1,1,1};
ST(2e-05,8e-06,1.8e-06,2e-05,8.5e-06,1.8e-06,2e-05,8.25e-06,1.65e-06){1,1,1};
ST(2e-05,7.5e-06,1.8e-06,2e-05,8e-06,1.8e-06,2e-05,7.75e-06,1.65e-06){1,1,1};
ST(2e-05,7e-06,1.8e-06,2e-05,7.5e-06,1.8e-06,2e-05,7.25e-06,1.65e-06){1,1,1};
ST(2e-05,6.5e-06,1.8e-06,2e-05,7e-06,1.8e-06,2e-05,6.75e-06,1.65e-06){1,1,1};
ST(2e-05,6e-06,1.8e-06,2e-05,6.5e-06,1.8e-06,2e-05,6.25e-06,1.65e-06){1,1,1};
ST(2e-05,5.5e-06,1.8e-06,2e-05,6e-06,1.8e-06,2e-05,5.75e-06,1.65e-06){1,1,1};
};
