View "Statistics" {
T2(1.e5,30,66560){"Elementary Entity"};
SP(2e-05,1e-05,1.5e-06){1};
SP(5e-06,1e-05,1.5e-06){2};
SP(5e-06,1e-05,1.8e-06){3};
SP(2e-05,1e-05,1.8e-06){4};
SL(2e-05,1e-05,1.5e-06,1.85e-05,1e-05,1.5e-06){1,1};
SL(1.85e-05,1e-05,1.5e-06,1.7e-05,1e-05,1.5e-06){1,1};
SL(1.7e-05,1e-05,1.5e-06,1.55e-05,1e-05,1.5e-06){1,1};
SL(1.55e-05,1e-05,1.5e-06,1.4e-05,1e-05,1.5e-06){1,1};
SL(1.4e-05,1e-05,1.5e-06,1.25e-05,1e-05,1.5e-06){1,1};
SL(1.25e-05,1e-05,1.5e-06,1.1e-05,1e-05,1.5e-06){1,1};
SL(1.1e-05,1e-05,1.5e-06,9.5e-06,1e-05,1.5e-06){1,1};
SL(9.5e-06,1e-05,1.5e-06,8e-06,1e-05,1.5e-06){1,1};
SL(8e-06,1e-05,1.5e-06,6.5e-06,1e-05,1.5e-06){1,1};
SL(6.5e-06,1e-05,1.5e-06,5e-06,1e-05,1.5e-06){1,1};
SL(5e-06,1e-05,1.5e-06,5e-06,1e-05,1.8e-06){2,2};
SL(5e-06,1e-05,1.8e-06,6.5e-06,1e-05,1.8e-06){3,3};
SL(6.5e-06,1e-05,1.8e-06,8e-06,1e-05,1.8e-06){3,3};
SL(8e-06,1e-05,1.8e-06,9.5e-06,1e-05,1.8e-06){3,3};
SL(9.5e-06,1e-05,1.8e-06,1.1e-05,1e-05,1.8e-06){3,3};
SL(1.1e-05,1e-05,1.8e-06,1.25e-05,1e-05,1.8e-06){3,3};
SL(1.25e-05,1e-05,1.8e-06,1.4e-05,1e-05,1.8e-06){3,3};
SL(1.4e-05,1e-05,1.8e-06,1.55e-05,1e-05,1.8e-06){3,3};
SL(1.55e-05,1e-05,1.8e-06,1.7e-05,1e-05,1.8e-06){3,3};
SL(1.7e-05,1e-05,1.8e-06,1.85e-05,1e-05,1.8e-06){3,3};
SL(1.85e-05,1e-05,1.8e-06,2e-05,1e-05,1.8e-06){3,3};
SL(2e-05,1e-05,1.8e-06,2e-05,1e-05,1.5e-06){4,4};
ST(1.85e-05,1e-05,1.5e-06,2e-05,1e-05,1.5e-06,2e-05,1e-05,1.8e-06){1,1,1};
ST(5e-06,1e-05,1.5e-06,6.5e-06,1e-05,1.5e-06,5e-06,1e-05,1.8e-06){1,1,1};
ST(5e-06,1e-05,1.8e-06,6.5e-06,1e-05,1.5e-06,6.5e-06,1e-05,1.8e-06){1,1,1};
ST(1.85e-05,1e-05,1.5e-06,2e-05,1e-05,1.8e-06,1.85e-05,1e-05,1.8e-06){1,1,1};
ST(1.7e-05,1e-05,1.5e-06,1.85e-05,1e-05,1.5e-06,1.7e-05,1e-05,1.8e-06){1,1,1};
ST(1.7e-05,1e-05,1.8e-06,1.85e-05,1e-05,1.5e-06,1.85e-05,1e-05,1.8e-06){1,1,1};
ST(1.55e-05,1e-05,1.5e-06,1.7e-05,1e-05,1.5e-06,1.7e-05,1e-05,1.8e-06){1,1,1};
ST(1.4e-05,1e-05,1.5e-06,1.55e-05,1e-05,1.5e-06,1.55e-05,1e-05,1.8e-06){1,1,1};
ST(1.55e-05,1e-05,1.8e-06,1.55e-05,1e-05,1.5e-06,1.7e-05,1e-05,1.8e-06){1,1,1};
ST(1.25e-05,1e-05,1.5e-06,1.4e-05,1e-05,1.5e-06,1.4e-05,1e-05,1.8e-06){1,1,1};
ST(1.4e-05,1e-05,1.8e-06,1.4e-05,1e-05,1.5e-06,1.55e-05,1e-05,1.8e-06){1,1,1};
ST(1.1e-05,1e-05,1.5e-06,1.25e-05,1e-05,1.5e-06,1.1e-05,1e-05,1.8e-06){1,1,1};
ST(1.1e-05,1e-05,1.8e-06,1.25e-05,1e-05,1.5e-06,1.25e-05,1e-05,1.8e-06){1,1,1};
ST(1.25e-05,1e-05,1.5e-06,1.4e-05,1e-05,1.8e-06,1.25e-05,1e-05,1.8e-06){1,1,1};
ST(9.5e-06,1e-05,1.5e-06,1.1e-05,1e-05,1.5e-06,9.5e-06,1e-05,1.8e-06){1,1,1};
ST(9.5e-06,1e-05,1.8e-06,1.1e-05,1e-05,1.5e-06,1.1e-05,1e-05,1.8e-06){1,1,1};
ST(8e-06,1e-05,1.5e-06,9.5e-06,1e-05,1.5e-06,8e-06,1e-05,1.8e-06){1,1,1};
ST(8e-06,1e-05,1.8e-06,9.5e-06,1e-05,1.5e-06,9.5e-06,1e-05,1.8e-06){1,1,1};
ST(6.5e-06,1e-05,1.8e-06,6.5e-06,1e-05,1.5e-06,8e-06,1e-05,1.5e-06){1,1,1};
ST(6.5e-06,1e-05,1.8e-06,8e-06,1e-05,1.5e-06,8e-06,1e-05,1.8e-06){1,1,1};
};
