View "Statistics" {
T2(1.e5,30,66560){"Elementary Entity"};
SP(-0,-2.52441e-06,0.5){1};
SP(-0,3.48047e-05,0.5){2};
SP(3.73047e-05,3.48047e-05,0.5){3};
SP(3.73047e-05,-2.52441e-06,0.5){4};
SL(-0,-2.52441e-06,0.5,0,2.14172e-06,0.5){1,1};
SL(0,2.14172e-06,0.5,0,6.80786e-06,0.5){1,1};
SL(0,6.80786e-06,0.5,0,1.1474e-05,0.5){1,1};
SL(0,1.1474e-05,0.5,0,1.61401e-05,0.5){1,1};
SL(0,1.61401e-05,0.5,0,2.08063e-05,0.5){1,1};
SL(0,2.08063e-05,0.5,0,2.54724e-05,0.5){1,1};
SL(0,2.54724e-05,0.5,0,3.01385e-05,0.5){1,1};
SL(0,3.01385e-05,0.5,-0,3.48047e-05,0.5){1,1};
SL(-0,3.48047e-05,0.5,4.66309e-06,3.48047e-05,0.5){2,2};
SL(4.66309e-06,3.48047e-05,0.5,9.32617e-06,3.48047e-05,0.5){2,2};
SL(9.32617e-06,3.48047e-05,0.5,1.39893e-05,3.48047e-05,0.5){2,2};
SL(1.39893e-05,3.48047e-05,0.5,1.86523e-05,3.48047e-05,0.5){2,2};
SL(1.86523e-05,3.48047e-05,0.5,2.33154e-05,3.48047e-05,0.5){2,2};
SL(2.33154e-05,3.48047e-05,0.5,2.79785e-05,3.48047e-05,0.5){2,2};
SL(2.79785e-05,3.48047e-05,0.5,3.26416e-05,3.48047e-05,0.5){2,2};
SL(3.26416e-05,3.48047e-05,0.5,3.73047e-05,3.48047e-05,0.5){2,2};
SL(3.73047e-05,3.48047e-05,0.5,3.73047e-05,3.01385e-05,0.5){3,3};
SL(3.73047e-05,3.01385e-05,0.5,3.73047e-05,2.54724e-05,0.5){3,3};
SL(3.73047e-05,2.54724e-05,0.5,3.73047e-05,2.08063e-05,0.5){3,3};
SL(3.73047e-05,2.08063e-05,0.5,3.73047e-05,1.61401e-05,0.5){3,3};
SL(3.73047e-05,1.61401e-05,0.5,3.73047e-05,1.1474e-05,0.5){3,3};
SL(3.73047e-05,1.1474e-05,0.5,3.73047e-05,6.80786e-06,0.5){3,3};
SL(3.73047e-05,6.80786e-06,0.5,3.73047e-05,2.14172e-06,0.5){3,3};
SL(3.73047e-05,2.14172e-06,0.5,3.73047e-05,-2.52441e-06,0.5){3,3};
SL(3.73047e-05,-2.52441e-06,0.5,3.26416e-05,-2.52441e-06,0.5){4,4};
SL(3.26416e-05,-2.52441e-06,0.5,2.79785e-05,-2.52441e-06,0.5){4,4};
SL(2.79785e-05,-2.52441e-06,0.5,2.33154e-05,-2.52441e-06,0.5){4,4};
SL(2.33154e-05,-2.52441e-06,0.5,1.86523e-05,-2.52441e-06,0.5){4,4};
SL(1.86523e-05,-2.52441e-06,0.5,1.39893e-05,-2.52441e-06,0.5){4,4};
SL(1.39893e-05,-2.52441e-06,0.5,9.32617e-06,-2.52441e-06,0.5){4,4};
SL(9.32617e-06,-2.52441e-06,0.5,4.66309e-06,-2.52441e-06,0.5){4,4};
SL(4.66309e-06,-2.52441e-06,0.5,-0,-2.52441e-06,0.5){4,4};
ST(2.56606e-05,9.47854e-06,0.5,2.10695e-05,1.06141e-05,0.5,2.48124e-05,1.38929e-05,0.5){1,1,1};
ST(1.16396e-05,2.2807e-05,0.5,1.60994e-05,2.13708e-05,0.5,1.23605e-05,1.84148e-05,0.5){1,1,1};
ST(1.60994e-05,2.13708e-05,0.5,1.83205e-05,2.66538e-05,0.5,2.10737e-05,2.28429e-05,0.5){1,1,1};
ST(2.10695e-05,1.06141e-05,0.5,1.89839e-05,5.62621e-06,0.5,1.60033e-05,9.36203e-06,0.5){1,1,1};
ST(3.16536e-05,1.11887e-05,0.5,3.73047e-05,1.1474e-05,0.5,3.33397e-05,7.30325e-06,0.5){1,1,1};
ST(0,1.1474e-05,0.5,5.68399e-06,1.11347e-05,0.5,3.78017e-06,7.46702e-06,0.5){1,1,1};
ST(5.7353e-06,2.1337e-05,0.5,0,2.08063e-05,0.5,3.67047e-06,2.47411e-05,0.5){1,1,1};
ST(3.73047e-05,2.08063e-05,0.5,3.15694e-05,2.1337e-05,0.5,3.36342e-05,2.47411e-05,0.5){1,1,1};
ST(1.34554e-05,3.20871e-06,0.5,1.39893e-05,-2.52441e-06,0.5,9.89809e-06,1.18354e-06,0.5){1,1,1};
ST(2.33154e-05,-2.52441e-06,0.5,2.38493e-05,3.20871e-06,0.5,2.74066e-05,1.18354e-06,0.5){1,1,1};
ST(2.38463e-05,2.90723e-05,0.5,2.33154e-05,3.48047e-05,0.5,2.74079e-05,3.10974e-05,0.5){1,1,1};
ST(1.39893e-05,3.48047e-05,0.5,1.34584e-05,2.90723e-05,0.5,9.8968e-06,3.10974e-05,0.5){1,1,1};
ST(5.7353e-06,2.1337e-05,0.5,7.95369e-06,1.62859e-05,0.5,3.24581e-06,1.8331e-05,0.5){1,1,1};
ST(2.93512e-05,1.63041e-05,0.5,3.15694e-05,2.1337e-05,0.5,3.40673e-05,1.83309e-05,0.5){1,1,1};
ST(1.83205e-05,2.66538e-05,0.5,1.34584e-05,2.90723e-05,0.5,1.65591e-05,3.14472e-05,0.5){1,1,1};
ST(1.89839e-05,5.62621e-06,0.5,2.38493e-05,3.20871e-06,0.5,2.0745e-05,8.33962e-07,0.5){1,1,1};
ST(3.73047e-05,1.1474e-05,0.5,3.16536e-05,1.11887e-05,0.5,3.35863e-05,1.48254e-05,0.5){1,1,1};
ST(5.68399e-06,1.11347e-05,0.5,0,1.1474e-05,0.5,3.83326e-06,1.48459e-05,0.5){1,1,1};
ST(2.33154e-05,3.48047e-05,0.5,2.38463e-05,2.90723e-05,0.5,2.00641e-05,3.06465e-05,0.5){1,1,1};
ST(1.39893e-05,-2.52441e-06,0.5,1.34554e-05,3.20871e-06,0.5,1.72374e-05,1.63326e-06,0.5){1,1,1};
ST(1.16396e-05,2.2807e-05,0.5,1.23605e-05,1.84148e-05,0.5,9.40963e-06,2.04404e-05,0.5){1,1,1};
ST(2.56606e-05,9.47854e-06,0.5,2.48124e-05,1.38929e-05,0.5,2.78931e-05,1.18457e-05,0.5){1,1,1};
ST(1.20587e-05,8.18978e-06,0.5,1.34403e-05,1.35829e-05,0.5,1.60033e-05,9.36203e-06,0.5){1,1,1};
ST(2.35695e-05,1.8468e-05,0.5,2.93512e-05,1.63041e-05,0.5,2.48124e-05,1.38929e-05,0.5){1,1,1};
ST(1.34403e-05,1.35829e-05,0.5,7.95369e-06,1.62859e-05,0.5,1.23605e-05,1.84148e-05,0.5){1,1,1};
ST(2.52492e-05,2.40955e-05,0.5,2.35695e-05,1.8468e-05,0.5,2.10737e-05,2.28429e-05,0.5){1,1,1};
ST(1.60994e-05,2.13708e-05,0.5,2.10737e-05,2.28429e-05,0.5,1.93515e-05,1.95527e-05,0.5){1,1,1};
ST(2.10695e-05,1.06141e-05,0.5,1.60033e-05,9.36203e-06,0.5,1.76675e-05,1.31289e-05,0.5){1,1,1};
ST(0,2.08063e-05,0.5,0,2.54724e-05,0.5,3.67047e-06,2.47411e-05,0.5){1,1,1};
ST(3.73047e-05,2.54724e-05,0.5,3.73047e-05,2.08063e-05,0.5,3.36342e-05,2.47411e-05,0.5){1,1,1};
ST(0,6.80786e-06,0.5,0,1.1474e-05,0.5,3.78017e-06,7.46702e-06,0.5){1,1,1};
ST(3.73047e-05,1.1474e-05,0.5,3.73047e-05,6.80786e-06,0.5,3.33397e-05,7.30325e-06,0.5){1,1,1};
ST(2.33154e-05,3.48047e-05,0.5,2.79785e-05,3.48047e-05,0.5,2.74079e-05,3.10974e-05,0.5){1,1,1};
ST(9.32617e-06,3.48047e-05,0.5,1.39893e-05,3.48047e-05,0.5,9.8968e-06,3.10974e-05,0.5){1,1,1};
ST(1.39893e-05,-2.52441e-06,0.5,9.32617e-06,-2.52441e-06,0.5,9.89809e-06,1.18354e-06,0.5){1,1,1};
ST(2.79785e-05,-2.52441e-06,0.5,2.33154e-05,-2.52441e-06,0.5,2.74066e-05,1.18354e-06,0.5){1,1,1};
ST(1.86523e-05,1.61523e-05,0.5,2.35695e-05,1.8468e-05,0.5,2.1448e-05,1.42768e-05,0.5){1,1,1};
ST(3.15694e-05,2.1337e-05,0.5,3.73047e-05,2.08063e-05,0.5,3.40673e-05,1.83309e-05,0.5){1,1,1};
ST(0,2.08063e-05,0.5,5.7353e-06,2.1337e-05,0.5,3.24581e-06,1.8331e-05,0.5){1,1,1};
ST(2.38493e-05,3.20871e-06,0.5,2.33154e-05,-2.52441e-06,0.5,2.0745e-05,8.33962e-07,0.5){1,1,1};
ST(1.34584e-05,2.90723e-05,0.5,1.39893e-05,3.48047e-05,0.5,1.65591e-05,3.14472e-05,0.5){1,1,1};
ST(1.89839e-05,5.62621e-06,0.5,2.10695e-05,1.06141e-05,0.5,2.24944e-05,7.05521e-06,0.5){1,1,1};
ST(2.10695e-05,1.06141e-05,0.5,2.56606e-05,9.47854e-06,0.5,2.24944e-05,7.05521e-06,0.5){1,1,1};
ST(1.34403e-05,1.35829e-05,0.5,1.20587e-05,8.18978e-06,0.5,9.52808e-06,1.20176e-05,0.5){1,1,1};
ST(1.83205e-05,2.66538e-05,0.5,1.60994e-05,2.13708e-05,0.5,1.45544e-05,2.52825e-05,0.5){1,1,1};
ST(7.95369e-06,1.62859e-05,0.5,1.34403e-05,1.35829e-05,0.5,9.52808e-06,1.20176e-05,0.5){1,1,1};
ST(2.35695e-05,1.8468e-05,0.5,2.52492e-05,2.40955e-05,0.5,2.77832e-05,2.03712e-05,0.5){1,1,1};
ST(1.60994e-05,2.13708e-05,0.5,1.16396e-05,2.2807e-05,0.5,1.45544e-05,2.52825e-05,0.5){1,1,1};
ST(2.35695e-05,1.8468e-05,0.5,1.86523e-05,1.61523e-05,0.5,1.93515e-05,1.95527e-05,0.5){1,1,1};
ST(2.93512e-05,1.63041e-05,0.5,2.35695e-05,1.8468e-05,0.5,2.77832e-05,2.03712e-05,0.5){1,1,1};
ST(3.16536e-05,1.11887e-05,0.5,2.93512e-05,1.63041e-05,0.5,3.35863e-05,1.48254e-05,0.5){1,1,1};
ST(7.95369e-06,1.62859e-05,0.5,5.68399e-06,1.11347e-05,0.5,3.83326e-06,1.48459e-05,0.5){1,1,1};
ST(2.38463e-05,2.90723e-05,0.5,2.52492e-05,2.40955e-05,0.5,2.19781e-05,2.63063e-05,0.5){1,1,1};
ST(1.34554e-05,3.20871e-06,0.5,1.20587e-05,8.18978e-06,0.5,1.53233e-05,5.97972e-06,0.5){1,1,1};
ST(1.20587e-05,8.18978e-06,0.5,1.34554e-05,3.20871e-06,0.5,9.82792e-06,4.86945e-06,0.5){1,1,1};
ST(2.52492e-05,2.40955e-05,0.5,2.38463e-05,2.90723e-05,0.5,2.74785e-05,2.74123e-05,0.5){1,1,1};
ST(2.93512e-05,1.63041e-05,0.5,3.16536e-05,1.11887e-05,0.5,2.78931e-05,1.18457e-05,0.5){1,1,1};
ST(5.68399e-06,1.11347e-05,0.5,7.95369e-06,1.62859e-05,0.5,9.52808e-06,1.20176e-05,0.5){1,1,1};
ST(7.95369e-06,1.62859e-05,0.5,5.7353e-06,2.1337e-05,0.5,9.40963e-06,2.04404e-05,0.5){1,1,1};
ST(3.15694e-05,2.1337e-05,0.5,2.93512e-05,1.63041e-05,0.5,2.77832e-05,2.03712e-05,0.5){1,1,1};
ST(2.38493e-05,3.20871e-06,0.5,1.89839e-05,5.62621e-06,0.5,2.24944e-05,7.05521e-06,0.5){1,1,1};
ST(1.34584e-05,2.90723e-05,0.5,1.83205e-05,2.66538e-05,0.5,1.45544e-05,2.52825e-05,0.5){1,1,1};
ST(1.60994e-05,2.13708e-05,0.5,1.93515e-05,1.95527e-05,0.5,1.52962e-05,1.63892e-05,0.5){1,1,1};
ST(7.95369e-06,1.62859e-05,0.5,3.83326e-06,1.48459e-05,0.5,3.24581e-06,1.8331e-05,0.5){1,1,1};
ST(3.35863e-05,1.48254e-05,0.5,2.93512e-05,1.63041e-05,0.5,3.40673e-05,1.83309e-05,0.5){1,1,1};
ST(2.00641e-05,3.06465e-05,0.5,1.83205e-05,2.66538e-05,0.5,1.65591e-05,3.14472e-05,0.5){1,1,1};
ST(1.72374e-05,1.63326e-06,0.5,1.89839e-05,5.62621e-06,0.5,2.0745e-05,8.33962e-07,0.5){1,1,1};
ST(1.34584e-05,2.90723e-05,0.5,1.45544e-05,2.52825e-05,0.5,1.05449e-05,2.68426e-05,0.5){1,1,1};
ST(2.38493e-05,3.20871e-06,0.5,2.24944e-05,7.05521e-06,0.5,2.70045e-05,5.34254e-06,0.5){1,1,1};
ST(1.45544e-05,2.52825e-05,0.5,1.16396e-05,2.2807e-05,0.5,1.05449e-05,2.68426e-05,0.5){1,1,1};
ST(2.24944e-05,7.05521e-06,0.5,2.56606e-05,9.47854e-06,0.5,2.70045e-05,5.34254e-06,0.5){1,1,1};
ST(1.93515e-05,1.95527e-05,0.5,1.86523e-05,1.61523e-05,0.5,1.52962e-05,1.63892e-05,0.5){1,1,1};
ST(3.73047e-05,1.61401e-05,0.5,3.73047e-05,1.1474e-05,0.5,3.35863e-05,1.48254e-05,0.5){1,1,1};
ST(0,1.1474e-05,0.5,0,1.61401e-05,0.5,3.83326e-06,1.48459e-05,0.5){1,1,1};
ST(1.86523e-05,3.48047e-05,0.5,2.33154e-05,3.48047e-05,0.5,2.00641e-05,3.06465e-05,0.5){1,1,1};
ST(1.86523e-05,-2.52441e-06,0.5,1.39893e-05,-2.52441e-06,0.5,1.72374e-05,1.63326e-06,0.5){1,1,1};
ST(3.73047e-05,-2.52441e-06,0.5,3.26416e-05,-2.52441e-06,0.5,3.36798e-05,1.10119e-06,0.5){1,1,1};
ST(4.66309e-06,-2.52441e-06,0.5,-0,-2.52441e-06,0.5,3.62492e-06,1.10119e-06,0.5){1,1,1};
ST(3.73047e-05,2.14172e-06,0.5,3.73047e-05,-2.52441e-06,0.5,3.36798e-05,1.10119e-06,0.5){1,1,1};
ST(-0,-2.52441e-06,0.5,0,2.14172e-06,0.5,3.62492e-06,1.10119e-06,0.5){1,1,1};
ST(-0,3.48047e-05,0.5,4.66309e-06,3.48047e-05,0.5,3.62247e-06,3.11815e-05,0.5){1,1,1};
ST(3.26416e-05,3.48047e-05,0.5,3.73047e-05,3.48047e-05,0.5,3.36822e-05,3.11815e-05,0.5){1,1,1};
ST(0,3.01385e-05,0.5,-0,3.48047e-05,0.5,3.62247e-06,3.11815e-05,0.5){1,1,1};
ST(3.73047e-05,3.48047e-05,0.5,3.73047e-05,3.01385e-05,0.5,3.36822e-05,3.11815e-05,0.5){1,1,1};
ST(2.35695e-05,1.8468e-05,0.5,2.48124e-05,1.38929e-05,0.5,2.1448e-05,1.42768e-05,0.5){1,1,1};
ST(1.23605e-05,1.84148e-05,0.5,1.60994e-05,2.13708e-05,0.5,1.52962e-05,1.63892e-05,0.5){1,1,1};
ST(2.52492e-05,2.40955e-05,0.5,2.10737e-05,2.28429e-05,0.5,2.19781e-05,2.63063e-05,0.5){1,1,1};
ST(1.20587e-05,8.18978e-06,0.5,1.60033e-05,9.36203e-06,0.5,1.53233e-05,5.97972e-06,0.5){1,1,1};
ST(2.48124e-05,1.38929e-05,0.5,2.93512e-05,1.63041e-05,0.5,2.78931e-05,1.18457e-05,0.5){1,1,1};
ST(1.23605e-05,1.84148e-05,0.5,7.95369e-06,1.62859e-05,0.5,9.40963e-06,2.04404e-05,0.5){1,1,1};
ST(2.10737e-05,2.28429e-05,0.5,2.35695e-05,1.8468e-05,0.5,1.93515e-05,1.95527e-05,0.5){1,1,1};
ST(1.60033e-05,9.36203e-06,0.5,1.34403e-05,1.35829e-05,0.5,1.76675e-05,1.31289e-05,0.5){1,1,1};
ST(1.72374e-05,1.63326e-06,0.5,1.34554e-05,3.20871e-06,0.5,1.53233e-05,5.97972e-06,0.5){1,1,1};
ST(1.89839e-05,5.62621e-06,0.5,1.72374e-05,1.63326e-06,0.5,1.53233e-05,5.97972e-06,0.5){1,1,1};
ST(2.00641e-05,3.06465e-05,0.5,2.38463e-05,2.90723e-05,0.5,2.19781e-05,2.63063e-05,0.5){1,1,1};
ST(1.83205e-05,2.66538e-05,0.5,2.00641e-05,3.06465e-05,0.5,2.19781e-05,2.63063e-05,0.5){1,1,1};
ST(9.52808e-06,1.20176e-05,0.5,1.20587e-05,8.18978e-06,0.5,7.74308e-06,7.92391e-06,0.5){1,1,1};
ST(5.68399e-06,1.11347e-05,0.5,9.52808e-06,1.20176e-05,0.5,7.74308e-06,7.92391e-06,0.5){1,1,1};
ST(2.77832e-05,2.03712e-05,0.5,2.52492e-05,2.40955e-05,0.5,2.94581e-05,2.44025e-05,0.5){1,1,1};
ST(3.15694e-05,2.1337e-05,0.5,2.77832e-05,2.03712e-05,0.5,2.94581e-05,2.44025e-05,0.5){1,1,1};
ST(1.76675e-05,1.31289e-05,0.5,1.34403e-05,1.35829e-05,0.5,1.52962e-05,1.63892e-05,0.5){1,1,1};
ST(2.33154e-05,-2.52441e-06,0.5,1.86523e-05,-2.52441e-06,0.5,2.0745e-05,8.33962e-07,0.5){1,1,1};
ST(3.73047e-05,2.08063e-05,0.5,3.73047e-05,1.61401e-05,0.5,3.40673e-05,1.83309e-05,0.5){1,1,1};
ST(0,1.61401e-05,0.5,0,2.08063e-05,0.5,3.24581e-06,1.8331e-05,0.5){1,1,1};
ST(1.39893e-05,3.48047e-05,0.5,1.86523e-05,3.48047e-05,0.5,1.65591e-05,3.14472e-05,0.5){1,1,1};
ST(2.48124e-05,1.38929e-05,0.5,2.10695e-05,1.06141e-05,0.5,2.1448e-05,1.42768e-05,0.5){1,1,1};
ST(1.60033e-05,9.36203e-06,0.5,1.89839e-05,5.62621e-06,0.5,1.53233e-05,5.97972e-06,0.5){1,1,1};
ST(1.34403e-05,1.35829e-05,0.5,1.23605e-05,1.84148e-05,0.5,1.52962e-05,1.63892e-05,0.5){1,1,1};
ST(2.10737e-05,2.28429e-05,0.5,1.83205e-05,2.66538e-05,0.5,2.19781e-05,2.63063e-05,0.5){1,1,1};
ST(3.73047e-05,3.01385e-05,0.5,3.73047e-05,2.54724e-05,0.5,3.4592e-05,2.79983e-05,0.5){1,1,1};
ST(0,2.54724e-05,0.5,0,3.01385e-05,0.5,2.71272e-06,2.79983e-05,0.5){1,1,1};
ST(0,2.14172e-06,0.5,0,6.80786e-06,0.5,2.7357e-06,4.26843e-06,0.5){1,1,1};
ST(3.73047e-05,6.80786e-06,0.5,3.73047e-05,2.14172e-06,0.5,3.4532e-05,4.23568e-06,0.5){1,1,1};
ST(2.79785e-05,3.48047e-05,0.5,3.26416e-05,3.48047e-05,0.5,3.05458e-05,3.21179e-05,0.5){1,1,1};
ST(4.66309e-06,3.48047e-05,0.5,9.32617e-06,3.48047e-05,0.5,6.7589e-06,3.21179e-05,0.5){1,1,1};
ST(9.32617e-06,-2.52441e-06,0.5,4.66309e-06,-2.52441e-06,0.5,6.7599e-06,1.62728e-07,0.5){1,1,1};
ST(3.26416e-05,-2.52441e-06,0.5,2.79785e-05,-2.52441e-06,0.5,3.05448e-05,1.62728e-07,0.5){1,1,1};
ST(1.86523e-05,1.61523e-05,0.5,1.76675e-05,1.31289e-05,0.5,1.52962e-05,1.63892e-05,0.5){1,1,1};
ST(1.86523e-05,-2.52441e-06,0.5,1.72374e-05,1.63326e-06,0.5,2.0745e-05,8.33962e-07,0.5){1,1,1};
ST(3.83326e-06,1.48459e-05,0.5,0,1.61401e-05,0.5,3.24581e-06,1.8331e-05,0.5){1,1,1};
ST(3.73047e-05,1.61401e-05,0.5,3.35863e-05,1.48254e-05,0.5,3.40673e-05,1.83309e-05,0.5){1,1,1};
ST(1.86523e-05,3.48047e-05,0.5,2.00641e-05,3.06465e-05,0.5,1.65591e-05,3.14472e-05,0.5){1,1,1};
ST(9.8968e-06,3.10974e-05,0.5,1.34584e-05,2.90723e-05,0.5,1.05449e-05,2.68426e-05,0.5){1,1,1};
ST(2.38463e-05,2.90723e-05,0.5,2.74079e-05,3.10974e-05,0.5,2.74785e-05,2.74123e-05,0.5){1,1,1};
ST(2.74066e-05,1.18354e-06,0.5,2.38493e-05,3.20871e-06,0.5,2.70045e-05,5.34254e-06,0.5){1,1,1};
ST(1.34554e-05,3.20871e-06,0.5,9.89809e-06,1.18354e-06,0.5,9.82792e-06,4.86945e-06,0.5){1,1,1};
ST(3.67047e-06,2.47411e-05,0.5,6.27064e-06,2.84581e-05,0.5,7.87843e-06,2.41043e-05,0.5){1,1,1};
ST(3.1034e-05,2.84581e-05,0.5,3.36342e-05,2.47411e-05,0.5,2.94581e-05,2.44025e-05,0.5){1,1,1};
ST(3.33397e-05,7.30325e-06,0.5,3.10313e-05,3.82438e-06,0.5,2.94305e-05,8.16386e-06,0.5){1,1,1};
ST(6.27339e-06,3.82438e-06,0.5,3.78017e-06,7.46702e-06,0.5,7.74308e-06,7.92391e-06,0.5){1,1,1};
ST(2.56606e-05,9.47854e-06,0.5,2.78931e-05,1.18457e-05,0.5,2.94305e-05,8.16386e-06,0.5){1,1,1};
ST(2.78931e-05,1.18457e-05,0.5,3.16536e-05,1.11887e-05,0.5,2.94305e-05,8.16386e-06,0.5){1,1,1};
ST(1.16396e-05,2.2807e-05,0.5,9.40963e-06,2.04404e-05,0.5,7.87843e-06,2.41043e-05,0.5){1,1,1};
ST(9.40963e-06,2.04404e-05,0.5,5.7353e-06,2.1337e-05,0.5,7.87843e-06,2.41043e-05,0.5){1,1,1};
ST(6.27064e-06,2.84581e-05,0.5,1.05449e-05,2.68426e-05,0.5,7.87843e-06,2.41043e-05,0.5){1,1,1};
ST(2.74785e-05,2.74123e-05,0.5,3.1034e-05,2.84581e-05,0.5,2.94581e-05,2.44025e-05,0.5){1,1,1};
ST(3.10313e-05,3.82438e-06,0.5,2.70045e-05,5.34254e-06,0.5,2.94305e-05,8.16386e-06,0.5){1,1,1};
ST(9.82792e-06,4.86945e-06,0.5,6.27339e-06,3.82438e-06,0.5,7.74308e-06,7.92391e-06,0.5){1,1,1};
ST(2.10695e-05,1.06141e-05,0.5,1.76675e-05,1.31289e-05,0.5,2.1448e-05,1.42768e-05,0.5){1,1,1};
ST(1.76675e-05,1.31289e-05,0.5,1.86523e-05,1.61523e-05,0.5,2.1448e-05,1.42768e-05,0.5){1,1,1};
ST(3.10313e-05,3.82438e-06,0.5,3.33397e-05,7.30325e-06,0.5,3.4532e-05,4.23568e-06,0.5){1,1,1};
ST(3.78017e-06,7.46702e-06,0.5,6.27339e-06,3.82438e-06,0.5,2.7357e-06,4.26843e-06,0.5){1,1,1};
ST(6.27064e-06,2.84581e-05,0.5,3.67047e-06,2.47411e-05,0.5,2.71272e-06,2.79983e-05,0.5){1,1,1};
ST(3.36342e-05,2.47411e-05,0.5,3.1034e-05,2.84581e-05,0.5,3.4592e-05,2.79983e-05,0.5){1,1,1};
ST(2.74066e-05,1.18354e-06,0.5,3.10313e-05,3.82438e-06,0.5,3.05448e-05,1.62728e-07,0.5){1,1,1};
ST(6.27339e-06,3.82438e-06,0.5,9.89809e-06,1.18354e-06,0.5,6.7599e-06,1.62728e-07,0.5){1,1,1};
ST(9.8968e-06,3.10974e-05,0.5,6.27064e-06,2.84581e-05,0.5,6.7589e-06,3.21179e-05,0.5){1,1,1};
ST(3.1034e-05,2.84581e-05,0.5,2.74079e-05,3.10974e-05,0.5,3.05458e-05,3.21179e-05,0.5){1,1,1};
ST(3.10313e-05,3.82438e-06,0.5,2.74066e-05,1.18354e-06,0.5,2.70045e-05,5.34254e-06,0.5){1,1,1};
ST(9.89809e-06,1.18354e-06,0.5,6.27339e-06,3.82438e-06,0.5,9.82792e-06,4.86945e-06,0.5){1,1,1};
ST(6.27064e-06,2.84581e-05,0.5,9.8968e-06,3.10974e-05,0.5,1.05449e-05,2.68426e-05,0.5){1,1,1};
ST(2.74079e-05,3.10974e-05,0.5,3.1034e-05,2.84581e-05,0.5,2.74785e-05,2.74123e-05,0.5){1,1,1};
ST(3.67047e-06,2.47411e-05,0.5,0,2.54724e-05,0.5,2.71272e-06,2.79983e-05,0.5){1,1,1};
ST(3.73047e-05,2.54724e-05,0.5,3.36342e-05,2.47411e-05,0.5,3.4592e-05,2.79983e-05,0.5){1,1,1};
ST(0,6.80786e-06,0.5,3.78017e-06,7.46702e-06,0.5,2.7357e-06,4.26843e-06,0.5){1,1,1};
ST(3.33397e-05,7.30325e-06,0.5,3.73047e-05,6.80786e-06,0.5,3.4532e-05,4.23568e-06,0.5){1,1,1};
ST(9.32617e-06,3.48047e-05,0.5,9.8968e-06,3.10974e-05,0.5,6.7589e-06,3.21179e-05,0.5){1,1,1};
ST(2.74079e-05,3.10974e-05,0.5,2.79785e-05,3.48047e-05,0.5,3.05458e-05,3.21179e-05,0.5){1,1,1};
ST(2.79785e-05,-2.52441e-06,0.5,2.74066e-05,1.18354e-06,0.5,3.05448e-05,1.62728e-07,0.5){1,1,1};
ST(9.89809e-06,1.18354e-06,0.5,9.32617e-06,-2.52441e-06,0.5,6.7599e-06,1.62728e-07,0.5){1,1,1};
ST(3.16536e-05,1.11887e-05,0.5,3.33397e-05,7.30325e-06,0.5,2.94305e-05,8.16386e-06,0.5){1,1,1};
ST(3.78017e-06,7.46702e-06,0.5,5.68399e-06,1.11347e-05,0.5,7.74308e-06,7.92391e-06,0.5){1,1,1};
ST(5.7353e-06,2.1337e-05,0.5,3.67047e-06,2.47411e-05,0.5,7.87843e-06,2.41043e-05,0.5){1,1,1};
ST(3.36342e-05,2.47411e-05,0.5,3.15694e-05,2.1337e-05,0.5,2.94581e-05,2.44025e-05,0.5){1,1,1};
ST(3.36798e-05,1.10119e-06,0.5,3.10313e-05,3.82438e-06,0.5,3.4532e-05,4.23568e-06,0.5){1,1,1};
ST(6.27339e-06,3.82438e-06,0.5,3.62492e-06,1.10119e-06,0.5,2.7357e-06,4.26843e-06,0.5){1,1,1};
ST(3.10313e-05,3.82438e-06,0.5,3.36798e-05,1.10119e-06,0.5,3.05448e-05,1.62728e-07,0.5){1,1,1};
ST(3.62492e-06,1.10119e-06,0.5,6.27339e-06,3.82438e-06,0.5,6.7599e-06,1.62728e-07,0.5){1,1,1};
ST(6.27064e-06,2.84581e-05,0.5,3.62247e-06,3.11815e-05,0.5,6.7589e-06,3.21179e-05,0.5){1,1,1};
ST(3.36822e-05,3.11815e-05,0.5,3.1034e-05,2.84581e-05,0.5,3.05458e-05,3.21179e-05,0.5){1,1,1};
ST(3.62247e-06,3.11815e-05,0.5,6.27064e-06,2.84581e-05,0.5,2.71272e-06,2.79983e-05,0.5){1,1,1};
ST(3.1034e-05,2.84581e-05,0.5,3.36822e-05,3.11815e-05,0.5,3.4592e-05,2.79983e-05,0.5){1,1,1};
ST(2.70045e-05,5.34254e-06,0.5,2.56606e-05,9.47854e-06,0.5,2.94305e-05,8.16386e-06,0.5){1,1,1};
ST(1.20587e-05,8.18978e-06,0.5,9.82792e-06,4.86945e-06,0.5,7.74308e-06,7.92391e-06,0.5){1,1,1};
ST(1.05449e-05,2.68426e-05,0.5,1.16396e-05,2.2807e-05,0.5,7.87843e-06,2.41043e-05,0.5){1,1,1};
ST(2.52492e-05,2.40955e-05,0.5,2.74785e-05,2.74123e-05,0.5,2.94581e-05,2.44025e-05,0.5){1,1,1};
ST(3.73047e-05,2.14172e-06,0.5,3.36798e-05,1.10119e-06,0.5,3.4532e-05,4.23568e-06,0.5){1,1,1};
ST(3.62492e-06,1.10119e-06,0.5,0,2.14172e-06,0.5,2.7357e-06,4.26843e-06,0.5){1,1,1};
ST(3.36798e-05,1.10119e-06,0.5,3.26416e-05,-2.52441e-06,0.5,3.05448e-05,1.62728e-07,0.5){1,1,1};
ST(4.66309e-06,-2.52441e-06,0.5,3.62492e-06,1.10119e-06,0.5,6.7599e-06,1.62728e-07,0.5){1,1,1};
ST(3.62247e-06,3.11815e-05,0.5,4.66309e-06,3.48047e-05,0.5,6.7589e-06,3.21179e-05,0.5){1,1,1};
ST(3.26416e-05,3.48047e-05,0.5,3.36822e-05,3.11815e-05,0.5,3.05458e-05,3.21179e-05,0.5){1,1,1};
ST(0,3.01385e-05,0.5,3.62247e-06,3.11815e-05,0.5,2.71272e-06,2.79983e-05,0.5){1,1,1};
ST(3.36822e-05,3.11815e-05,0.5,3.73047e-05,3.01385e-05,0.5,3.4592e-05,2.79983e-05,0.5){1,1,1};
};
