View "Statistics" {
T2(1.e5,30,66560){"Elementary Entity"};
SP(0.00099187,0.000995038,0.032035){1};
SP(0.00099187,0.486218,0.032035){2};
SP(0.199759,0.486218,0.032035){3};
SP(0.199759,0.000995038,0.032035){4};
SL(0.00099187,0.000995038,0.032035,0.00099187,0.0495173,0.032035){1,1};
SL(0.00099187,0.0495173,0.032035,0.00099187,0.0980395,0.032035){1,1};
SL(0.00099187,0.0980395,0.032035,0.00099187,0.146562,0.032035){1,1};
SL(0.00099187,0.146562,0.032035,0.00099187,0.195084,0.032035){1,1};
SL(0.00099187,0.195084,0.032035,0.00099187,0.243606,0.032035){1,1};
SL(0.00099187,0.243606,0.032035,0.00099187,0.292129,0.032035){1,1};
SL(0.00099187,0.292129,0.032035,0.00099187,0.340651,0.032035){1,1};
SL(0.00099187,0.340651,0.032035,0.00099187,0.389173,0.032035){1,1};
SL(0.00099187,0.389173,0.032035,0.00099187,0.437695,0.032035){1,1};
SL(0.00099187,0.437695,0.032035,0.00099187,0.486218,0.032035){1,1};
SL(0.00099187,0.486218,0.032035,0.0506837,0.486218,0.032035){2,2};
SL(0.0506837,0.486218,0.032035,0.100376,0.486218,0.032035){2,2};
SL(0.100376,0.486218,0.032035,0.150067,0.486218,0.032035){2,2};
SL(0.150067,0.486218,0.032035,0.199759,0.486218,0.032035){2,2};
SL(0.199759,0.486218,0.032035,0.199759,0.437695,0.032035){3,3};
SL(0.199759,0.437695,0.032035,0.199759,0.389173,0.032035){3,3};
SL(0.199759,0.389173,0.032035,0.199759,0.340651,0.032035){3,3};
SL(0.199759,0.340651,0.032035,0.199759,0.292129,0.032035){3,3};
SL(0.199759,0.292129,0.032035,0.199759,0.243606,0.032035){3,3};
SL(0.199759,0.243606,0.032035,0.199759,0.195084,0.032035){3,3};
SL(0.199759,0.195084,0.032035,0.199759,0.146562,0.032035){3,3};
SL(0.199759,0.146562,0.032035,0.199759,0.0980395,0.032035){3,3};
SL(0.199759,0.0980395,0.032035,0.199759,0.0495173,0.032035){3,3};
SL(0.199759,0.0495173,0.032035,0.199759,0.000995038,0.032035){3,3};
SL(0.199759,0.000995038,0.032035,0.150067,0.000995038,0.032035){4,4};
SL(0.150067,0.000995038,0.032035,0.100376,0.000995038,0.032035){4,4};
SL(0.100376,0.000995038,0.032035,0.0506837,0.000995038,0.032035){4,4};
SL(0.0506837,0.000995038,0.032035,0.00099187,0.000995038,0.032035){4,4};
ST(0.0619667,0.177203,0.032035,0.0983553,0.219645,0.032035,0.0997934,0.162767,0.032035){1,1,1};
ST(0.0983553,0.219645,0.032035,0.128603,0.194274,0.032035,0.0997934,0.162767,0.032035){1,1,1};
ST(0.100376,0.267867,0.032035,0.139602,0.31855,0.032035,0.160146,0.28018,0.032035){1,1,1};
ST(0.100142,0.448926,0.032035,0.150067,0.486218,0.032035,0.159819,0.448696,0.032035){1,1,1};
ST(0.0506837,0.486218,0.032035,0.100142,0.448926,0.032035,0.0408326,0.448954,0.032035){1,1,1};
ST(0.13698,0.419687,0.032035,0.152586,0.369105,0.032035,0.100225,0.396062,0.032035){1,1,1};
ST(0.152586,0.369105,0.032035,0.0999613,0.348289,0.032035,0.100225,0.396062,0.032035){1,1,1};
ST(0.139602,0.31855,0.032035,0.100376,0.267867,0.032035,0.0902927,0.307479,0.032035){1,1,1};
ST(0.0618532,0.319838,0.032035,0.0999613,0.348289,0.032035,0.0902927,0.307479,0.032035){1,1,1};
ST(0.0999613,0.348289,0.032035,0.139602,0.31855,0.032035,0.0902927,0.307479,0.032035){1,1,1};
ST(0.0501031,0.122399,0.032035,0.0619667,0.177203,0.032035,0.0997934,0.162767,0.032035){1,1,1};
ST(0.10296,0.122747,0.032035,0.0501031,0.122399,0.032035,0.0997934,0.162767,0.032035){1,1,1};
ST(0.0631281,0.0720086,0.032035,0.0501031,0.122399,0.032035,0.100376,0.0832328,0.032035){1,1,1};
ST(0.0999613,0.348289,0.032035,0.0618532,0.319838,0.032035,0.0480417,0.369131,0.032035){1,1,1};
ST(0.139602,0.31855,0.032035,0.0999613,0.348289,0.032035,0.152586,0.369105,0.032035){1,1,1};
ST(0.100465,0.0377808,0.032035,0.0506837,0.000995038,0.032035,0.0408725,0.0391792,0.032035){1,1,1};
ST(0.150067,0.000995038,0.032035,0.100465,0.0377808,0.032035,0.160096,0.0383265,0.032035){1,1,1};
ST(0.100376,0.267867,0.032035,0.0496715,0.282853,0.032035,0.0902927,0.307479,0.032035){1,1,1};
ST(0.0496715,0.282853,0.032035,0.0618532,0.319838,0.032035,0.0902927,0.307479,0.032035){1,1,1};
ST(0.0501031,0.122399,0.032035,0.10296,0.122747,0.032035,0.100376,0.0832328,0.032035){1,1,1};
ST(0.13698,0.419687,0.032035,0.100142,0.448926,0.032035,0.159819,0.448696,0.032035){1,1,1};
ST(0.100142,0.448926,0.032035,0.0636406,0.421232,0.032035,0.0408326,0.448954,0.032035){1,1,1};
ST(0.0619667,0.177203,0.032035,0.0568953,0.231754,0.032035,0.0983553,0.219645,0.032035){1,1,1};
ST(0.100376,0.486218,0.032035,0.150067,0.486218,0.032035,0.100142,0.448926,0.032035){1,1,1};
ST(0.0506837,0.486218,0.032035,0.100376,0.486218,0.032035,0.100142,0.448926,0.032035){1,1,1};
ST(0.100376,0.000995038,0.032035,0.0506837,0.000995038,0.032035,0.100465,0.0377808,0.032035){1,1,1};
ST(0.150067,0.000995038,0.032035,0.100376,0.000995038,0.032035,0.100465,0.0377808,0.032035){1,1,1};
ST(0.0631281,0.0720086,0.032035,0.100465,0.0377808,0.032035,0.0408725,0.0391792,0.032035){1,1,1};
ST(0.100465,0.0377808,0.032035,0.138339,0.0682031,0.032035,0.160096,0.0383265,0.032035){1,1,1};
ST(0.0480417,0.369131,0.032035,0.0636406,0.421232,0.032035,0.100225,0.396062,0.032035){1,1,1};
ST(0.10296,0.122747,0.032035,0.152815,0.105277,0.032035,0.100376,0.0832328,0.032035){1,1,1};
ST(0.100376,0.267867,0.032035,0.0568953,0.231754,0.032035,0.0496715,0.282853,0.032035){1,1,1};
ST(0.0999613,0.348289,0.032035,0.0480417,0.369131,0.032035,0.100225,0.396062,0.032035){1,1,1};
ST(0.146846,0.147628,0.032035,0.199759,0.146562,0.032035,0.152815,0.105277,0.032035){1,1,1};
ST(0.146846,0.24254,0.032035,0.100376,0.267867,0.032035,0.160146,0.28018,0.032035){1,1,1};
ST(0.199759,0.146562,0.032035,0.199759,0.0980395,0.032035,0.152815,0.105277,0.032035){1,1,1};
ST(0.0568953,0.231754,0.032035,0.00099187,0.243606,0.032035,0.0496715,0.282853,0.032035){1,1,1};
ST(0.10296,0.122747,0.032035,0.146846,0.147628,0.032035,0.152815,0.105277,0.032035){1,1,1};
ST(0.00099187,0.340651,0.032035,0.00099187,0.389173,0.032035,0.0480417,0.369131,0.032035){1,1,1};
ST(0.199759,0.389173,0.032035,0.199759,0.340651,0.032035,0.152586,0.369105,0.032035){1,1,1};
ST(0.00099187,0.243606,0.032035,0.0568953,0.231754,0.032035,0.0351113,0.201235,0.032035){1,1,1};
ST(0.0501031,0.122399,0.032035,0.0631281,0.0720086,0.032035,0.0289745,0.0737784,0.032035){1,1,1};
ST(0.152815,0.105277,0.032035,0.138339,0.0682031,0.032035,0.100376,0.0832328,0.032035){1,1,1};
ST(0.00099187,0.0980395,0.032035,0.00099187,0.146562,0.032035,0.0501031,0.122399,0.032035){1,1,1};
ST(0.152586,0.369105,0.032035,0.199759,0.340651,0.032035,0.17345,0.317361,0.032035){1,1,1};
ST(0.00099187,0.340651,0.032035,0.0480417,0.369131,0.032035,0.0278033,0.317569,0.032035){1,1,1};
ST(0.199759,0.243606,0.032035,0.146846,0.24254,0.032035,0.160146,0.28018,0.032035){1,1,1};
ST(0.0568953,0.231754,0.032035,0.0619667,0.177203,0.032035,0.0351113,0.201235,0.032035){1,1,1};
ST(0.139602,0.31855,0.032035,0.152586,0.369105,0.032035,0.17345,0.317361,0.032035){1,1,1};
ST(0.0480417,0.369131,0.032035,0.0618532,0.319838,0.032035,0.0278033,0.317569,0.032035){1,1,1};
ST(0.00099187,0.243606,0.032035,0.00099187,0.292129,0.032035,0.0496715,0.282853,0.032035){1,1,1};
ST(0.146846,0.24254,0.032035,0.199759,0.243606,0.032035,0.163658,0.206726,0.032035){1,1,1};
ST(0.199759,0.292129,0.032035,0.199759,0.243606,0.032035,0.160146,0.28018,0.032035){1,1,1};
ST(0.0568953,0.231754,0.032035,0.100376,0.267867,0.032035,0.0983553,0.219645,0.032035){1,1,1};
ST(0.146846,0.147628,0.032035,0.128603,0.194274,0.032035,0.169155,0.176323,0.032035){1,1,1};
ST(0.100376,0.267867,0.032035,0.146846,0.24254,0.032035,0.0983553,0.219645,0.032035){1,1,1};
ST(0.146846,0.24254,0.032035,0.128603,0.194274,0.032035,0.0983553,0.219645,0.032035){1,1,1};
ST(0.0636406,0.421232,0.032035,0.0480417,0.369131,0.032035,0.0285456,0.413434,0.032035){1,1,1};
ST(0.152586,0.369105,0.032035,0.13698,0.419687,0.032035,0.172206,0.413434,0.032035){1,1,1};
ST(0.00099187,0.195084,0.032035,0.00099187,0.243606,0.032035,0.0351113,0.201235,0.032035){1,1,1};
ST(0.00099187,0.0980395,0.032035,0.0501031,0.122399,0.032035,0.0289745,0.0737784,0.032035){1,1,1};
ST(0.199759,0.243606,0.032035,0.199759,0.195084,0.032035,0.163658,0.206726,0.032035){1,1,1};
ST(0.128603,0.194274,0.032035,0.146846,0.147628,0.032035,0.0997934,0.162767,0.032035){1,1,1};
ST(0.146846,0.147628,0.032035,0.10296,0.122747,0.032035,0.0997934,0.162767,0.032035){1,1,1};
ST(0.0619667,0.177203,0.032035,0.0501031,0.122399,0.032035,0.0285291,0.167235,0.032035){1,1,1};
ST(0.199759,0.0495173,0.032035,0.199759,0.000995038,0.032035,0.160096,0.0383265,0.032035){1,1,1};
ST(0.00099187,0.000995038,0.032035,0.00099187,0.0495173,0.032035,0.0408725,0.0391792,0.032035){1,1,1};
ST(0.199759,0.000995038,0.032035,0.150067,0.000995038,0.032035,0.160096,0.0383265,0.032035){1,1,1};
ST(0.0506837,0.000995038,0.032035,0.00099187,0.000995038,0.032035,0.0408725,0.0391792,0.032035){1,1,1};
ST(0.128603,0.194274,0.032035,0.163658,0.206726,0.032035,0.169155,0.176323,0.032035){1,1,1};
ST(0.0501031,0.122399,0.032035,0.00099187,0.146562,0.032035,0.0285291,0.167235,0.032035){1,1,1};
ST(0.0480417,0.369131,0.032035,0.00099187,0.389173,0.032035,0.0285456,0.413434,0.032035){1,1,1};
ST(0.199759,0.389173,0.032035,0.152586,0.369105,0.032035,0.172206,0.413434,0.032035){1,1,1};
ST(0.00099187,0.486218,0.032035,0.0506837,0.486218,0.032035,0.0408326,0.448954,0.032035){1,1,1};
ST(0.150067,0.486218,0.032035,0.199759,0.486218,0.032035,0.159819,0.448696,0.032035){1,1,1};
ST(0.00099187,0.437695,0.032035,0.00099187,0.486218,0.032035,0.0408326,0.448954,0.032035){1,1,1};
ST(0.199759,0.486218,0.032035,0.199759,0.437695,0.032035,0.159819,0.448696,0.032035){1,1,1};
ST(0.128603,0.194274,0.032035,0.146846,0.24254,0.032035,0.163658,0.206726,0.032035){1,1,1};
ST(0.199759,0.146562,0.032035,0.146846,0.147628,0.032035,0.169155,0.176323,0.032035){1,1,1};
ST(0.0618532,0.319838,0.032035,0.0496715,0.282853,0.032035,0.0278033,0.317569,0.032035){1,1,1};
ST(0.0496715,0.282853,0.032035,0.00099187,0.292129,0.032035,0.0278033,0.317569,0.032035){1,1,1};
ST(0.00099187,0.146562,0.032035,0.00099187,0.195084,0.032035,0.0285291,0.167235,0.032035){1,1,1};
ST(0.00099187,0.0495173,0.032035,0.00099187,0.0980395,0.032035,0.0289745,0.0737784,0.032035){1,1,1};
ST(0.199759,0.0980395,0.032035,0.199759,0.0495173,0.032035,0.170154,0.0718727,0.032035){1,1,1};
ST(0.00099187,0.389173,0.032035,0.00099187,0.437695,0.032035,0.0285456,0.413434,0.032035){1,1,1};
ST(0.199759,0.437695,0.032035,0.199759,0.389173,0.032035,0.172206,0.413434,0.032035){1,1,1};
ST(0.199759,0.195084,0.032035,0.199759,0.146562,0.032035,0.169155,0.176323,0.032035){1,1,1};
ST(0.199759,0.340651,0.032035,0.199759,0.292129,0.032035,0.17345,0.317361,0.032035){1,1,1};
ST(0.00099187,0.292129,0.032035,0.00099187,0.340651,0.032035,0.0278033,0.317569,0.032035){1,1,1};
ST(0.100142,0.448926,0.032035,0.13698,0.419687,0.032035,0.100225,0.396062,0.032035){1,1,1};
ST(0.100465,0.0377808,0.032035,0.0631281,0.0720086,0.032035,0.100376,0.0832328,0.032035){1,1,1};
ST(0.138339,0.0682031,0.032035,0.100465,0.0377808,0.032035,0.100376,0.0832328,0.032035){1,1,1};
ST(0.152815,0.105277,0.032035,0.199759,0.0980395,0.032035,0.170154,0.0718727,0.032035){1,1,1};
ST(0.138339,0.0682031,0.032035,0.152815,0.105277,0.032035,0.170154,0.0718727,0.032035){1,1,1};
ST(0.0636406,0.421232,0.032035,0.100142,0.448926,0.032035,0.100225,0.396062,0.032035){1,1,1};
ST(0.199759,0.292129,0.032035,0.160146,0.28018,0.032035,0.17345,0.317361,0.032035){1,1,1};
ST(0.160146,0.28018,0.032035,0.139602,0.31855,0.032035,0.17345,0.317361,0.032035){1,1,1};
ST(0.0408725,0.0391792,0.032035,0.00099187,0.0495173,0.032035,0.0289745,0.0737784,0.032035){1,1,1};
ST(0.0631281,0.0720086,0.032035,0.0408725,0.0391792,0.032035,0.0289745,0.0737784,0.032035){1,1,1};
ST(0.159819,0.448696,0.032035,0.199759,0.437695,0.032035,0.172206,0.413434,0.032035){1,1,1};
ST(0.00099187,0.437695,0.032035,0.0408326,0.448954,0.032035,0.0285456,0.413434,0.032035){1,1,1};
ST(0.13698,0.419687,0.032035,0.159819,0.448696,0.032035,0.172206,0.413434,0.032035){1,1,1};
ST(0.0408326,0.448954,0.032035,0.0636406,0.421232,0.032035,0.0285456,0.413434,0.032035){1,1,1};
ST(0.160096,0.0383265,0.032035,0.138339,0.0682031,0.032035,0.170154,0.0718727,0.032035){1,1,1};
ST(0.163658,0.206726,0.032035,0.199759,0.195084,0.032035,0.169155,0.176323,0.032035){1,1,1};
ST(0.00099187,0.195084,0.032035,0.0351113,0.201235,0.032035,0.0285291,0.167235,0.032035){1,1,1};
ST(0.199759,0.0495173,0.032035,0.160096,0.0383265,0.032035,0.170154,0.0718727,0.032035){1,1,1};
ST(0.0351113,0.201235,0.032035,0.0619667,0.177203,0.032035,0.0285291,0.167235,0.032035){1,1,1};
};
